1	1	0.119089378	0.325528517	0.162468689	0.079583855	0.055262124	0.281438194	
1	2	0.203436426	0.244779022	0.194574288	0.074400841	0.091234614	0.212057482	
1	3	0.038447532	0.241170217	0.048276658	0.051074312	0.078591646	0.544888839	
1	4	0.057816357	0.218839656	0.06905851	0.039889085	0.067046419	0.553923984	
1	5	0	0.169037573	0.059315389	0.054777899	0.084772434	0.649001863	
1	6	0.044316209	0.27959183	0.111265832	0.095706809	0.051752047	0.459858057	
1	8	0.011985284	0.15674243	0.029433367	0.026672938	0.106640619	0.646762445	
1	9	0.036731963	0.09846773	0.065774323	0.036430712	0.074315457	0.691009263	
1	10	0.032646749	0.135324645	0.000794704	0.032700465	0.079960824	0.721231748	
1	11	0	0.150556321	0.047837354	0.007250521	0.107392744	0.644534658	
1	12	0.088603352	0.175040216	0.023359602	0.058682933	0.077873281	0.597314138	
1	13	0.037883751	0.1536642	0.039904009	0.100648533	0.050722793	0.639203236	
1	14	0.065441294	0.109535259	0.030746505	0.086492936	0.064280906	0.663215727	
1	15	0.053414159	0.227290751	0.035991779	0.02803075	0.043718087	0.624485767	
1	16	0.072718899	0.211243384	0.098807084	0.023967297	0.046782145	0.560861003	
1	17	0.163182097	0.175766349	0.054703403	0.052254067	0.080320875	0.500393031	
1	33	0.024164488	0.118134523	0.07082852	0.029203451	0.098863892	0.676490223	
1	34	0.091537177	0.165818859	0.116423304	0.04286905	0.079245941	0.524516717	
1	35	0.040311444	0.109695489	0.005284848	0.025421696	0.140702185	0.683687354	
1	36	0.060596353	0.136626775	0	0.02518173	0.127285113	0.657779366	
1	37	0.027907715	0.162499315	0.111604625	0.019411612	0.077149655	0.59553557	
1	46	0.003345481	0.259479091	0.05975797	0.046598211	0.04973409	0.584544463	
2	1	0.085528601	0.194824328	0.134719162	0.048311243	0.107505973	0.420931789	
2	2	0.108750645	0.342221855	0.131640991	0.083257725	0.088439665	0.263397899	
2	3	0.153351818	0.329569516	0.039500891	0.114705775	0.062226926	0.338825883	
2	4	0.077781114	0.087140857	0.025265318	0.046222677	0.074611079	0.704977955	
2	5	0.031695617	0.143759517	0.016080187	0.013159992	0.130439757	0.632046429	
2	7	0.019146272	0.14112372	0.028521407	0.039745455	0.069242311	0.714594103	
2	8	0.044329614	0.163366623	0.083736439	0.075066842	0.062235231	0.584702899	
2	9	0.019196891	0.188186853	0.090674086	0.03275578	0.076852888	0.584101386	
2	10	0	0.289573738	0.001599294	0.011903753	0.081209692	0.582191671	
2	11	0	0.134915486	0.01919764	0.03562417	0.078688932	0.725118745	
2	12	0.002014845	0.081514745	0.11134872	0.006346727	0.098653061	0.692628292	
2	13	0.121582817	0.198779841	0.099426909	0.047033447	0.052243667	0.490631886	
2	14	0.1314046	0.210375596	0.095616465	0.047054825	0.013467964	0.512958321	
2	15	0.016563475	0.269932371	0.080618593	0.052193928	0.069711362	0.496485763	
2	16	0.030921113	0.298468412	0.080867827	0.067991532	0.061705715	0.43981766	
3	1	0.141196249	0.20779064	0.004472664	0.07637172	0.07576527	0.533881387	
3	2	0.130101833	0.118506668	0.026535524	0.080411126	0.086782676	0.588635685	
3	3	0.054646473	0.135104776	0.066896869	0.048936122	0.096510616	0.608728859	
3	4	0.083517213	0.100162678	0.166700782	0.059301958	0.067829461	0.542493311	
3	6	0.03644057	0.168016919	0.177990945	0.048214547	0.084745652	0.475939904	
3	7	0.011736049	0.063637961	0.099491771	0.033692273	0.100684665	0.667882818	
3	8	0.083960029	0.104289375	0.161507741	0.067074236	0.085214978	0.474009976	
3	9	0.057010763	0.266195202	0.065320253	0.05779058	0.090235566	0.464590101	
3	10	0.05117572	0.184512231	0.02260898	0.023590132	0.063467549	0.648950903	
3	11	0.08494513	0.148084644	0.06844407	0.060379669	0.098144934	0.569299793	
3	12	0.007049398	0.102624912	0.086693142	0.033906639	0.102094654	0.670295147	
4	1	0.120395197	0.150439967	0.073484989	0.043796772	0.077797105	0.55249709	
4	2	0.047578926	0.132723936	0.060253583	0.033478161	0.138237402	0.601592572	
4	3	0.040092698	0.199016382	0.087938482	0.041506341	0.04330355	0.574678083	
4	4	0.006365767	0.111439902	0.035207426	0.072654375	0.181610005	0.587456617	
4	5	0.03189941	0.118011811	0.031028391	0.061333134	0.126735396	0.629021546	
4	6	0	0.163226275	0.035844285	0.00602008	0.082177147	0.690182815	
4	7	0.03014476	0.233257391	0.064744803	0.165213798	0.051795083	0.440410965	
4	8	0.013607307	0.383145873	0.132185619	0.109198528	0.022388779	0.362152943	
4	9	0.023071441	0.444920112	0.066767635	0.095590748	0.026946312	0.359987429	
4	10	0.024180758	0.137484969	0.108311121	0	0.075775638	0.635180269	
4	11	1.83e-20	0.2395555	0.048974892	0	0.073582795	0.59841256	
4	12	0	0.213187917	0.110571728	0.00595295	0.056584159	0.621253208	
4	13	0.007466729	0.17976224	0.072497596	0.006970202	0.046211599	0.69303471	
4	14	0.089601324	0.273599286	0.018351974	0.040816988	0.07484391	0.51434869	
4	15	0.055620331	0.3806795	0.001864587	0.042117513	0.054725356	0.474160753	
4	16	0	0.315593843	0.115706063	0.112121204	0.058388021	0.41606445	
4	25	0.015488735	0.38031786	0.114319863	0.12504892	0.046066219	0.341921193	
4	27	0.01682549	0.242943217	0.084898735	0	0.073049586	0.536022344	
4	29	0.083417515	0.26369579	0.040188964	0.054715868	0.048678833	0.530378363	
4	33	0.09571367	0.123803692	0.135947978	0.089896879	0.083577517	0.499161124	
5	1	0.095800949	0.147877998	0.092197875	0.095822977	0.08243256	0.524875517	
5	2	0.012718655	0.205385504	0.097847838	0.057328491	0.036849	0.603120376	
5	6	0.041682	0.217142412	0.082446237	0.056634974	0.037758872	0.58391384	
5	9	0	0.228425681	0.015486414	-5.86e-20	0.072277823	0.654195051	
5	10	0.001909174	0.357726104	0.053351488	0	0.040077688	0.51934211	
5	11	0.036563639	0.26225423	0.10024858	0.054680586	0.10592841	0.462758257	
6	1	0.079810903	0.215664771	0.161586476	0.071840646	0.096198527	0.399568722	
6	2	0.026811348	0.057754843	0.031737597	0.023318706	0.054347504	0.816391952	
6	4	0.029314056	0.044407351	0.018072166	0.032297726	0.053648883	0.834319383	
6	5	0.051302259	0.350558227	0.107482187	0.065684171	0.041174618	0.405267254	
7	1	0.050833855	0.322522116	0.111278219	0.061120011	0.043681415	0.431954722	
7	2	0.045960141	0.142463765	0.087315089	0.060345981	0.080962946	0.606921779	
7	3	0.080093362	0.115646298	0.023105493	0.054015834	0.080122139	0.666935561	
7	4	0.029781399	0.251051313	0.051033477	0.032385578	0.102132952	0.520771728	
7	5	0.010140085	0.009031415	0.082699545	0.041740558	0.173322753	0.660985187	
8	1	0.074435467	0.095450284	0.115451214	0.017990538	0.099874615	0.611585549	
8	2	0.128503077	0.159593902	0.099142866	0.071514697	0.10109177	0.48139767	
8	3	0.023807127	0.132455443	0.102736336	0.034050795	0.090686988	0.628573635	
8	4	0.02348125	0.120099982	0.056341894	0.023039535	0.089321322	0.692768433	
8	5	0.05079631	0.18044931	0.068168398	0.035995946	0.070440638	0.605101277	
9	1	0.041078179	0.161150839	0.088994	0.041251655	0.065967078	0.615079723	
9	2	0.038229967	0.283288609	0.136199467	0.041214583	0.093885904	0.359825424	
9	3	0.011214427	0.178231259	0.084020875	0.017966194	0.12031964	0.544182447	
9	4	0.081484214	0.212707036	0.10479628	0.078479572	0.074790175	0.462648061	
9	5	0.055673075	0.172979586	0.066705054	0.086043138	0.082625556	0.553661326	
10	1	0	0.218328731	0.095641475	-2.02e-20	0.110017963	0.535106825	
10	2	0.08785107	0.256938925	0.082815517	0.018838313	0.076517512	0.470876159	
10	3	0	0.091778763	0.013297791	5.2e-05	0.142502727	0.725724922	
10	4	0.013420175	0.105296483	0.038252255	7.4e-05	0.118110127	0.705076936	
10	5	0.003338097	0.146782925	0.050934265	0.036528828	0.090704397	0.642930169	
10	6	0.05437749	0.132362813	0.07705208	0.085801857	0.070299181	0.607876035	