1	1	1	1	0.8057228
1	1	1	2	0.480118
1	1	1	3	0.5402943
1	1	1	4	0.3654667
1	1	1	10	0.2531358
1	1	1	12	0.2217831
1	1	1	41	0.3312043
1	1	1	42	0.3042363
1	1	1	43	0.2016114
1	1	1	44	0.3036901
1	1	1	46	0.04337533
1	2	1	2	0.945733
1	2	1	3	0.4545944
1	2	1	4	0.5576681
1	2	1	10	0.0459508
1	2	1	12	0.1060325
1	2	1	41	0.1584908
1	2	1	42	0.1372833
1	2	1	43	0.1570118
1	2	1	44	0.1467808
1	2	1	46	0.09520906
1	3	1	3	0.9606243
1	3	1	4	0.5209797
1	3	1	10	0.1599436
1	3	1	12	0.1895426
1	3	1	41	0.2063113
1	3	1	42	0.1777102
1	3	1	43	0.0963627
1	3	1	44	0.0528959
1	3	1	46	0.1246742
1	4	1	4	0.9483328
1	4	1	10	0.2334409
1	4	1	12	0.3003791
1	4	1	41	0.1931843
1	4	1	42	0.1664769
1	4	1	43	0.2266856
1	4	1	44	0.1112461
1	4	1	46	0.06614023
1	10	1	10	0.8965682
1	10	1	12	0.5404527
1	10	1	41	0.1505509
1	10	1	42	0.210288
1	10	1	43	0.1512514
1	10	1	44	0.1833798
1	10	1	46	0.1090139
1	12	1	12	0.9154893
1	12	1	41	0.2660273
1	12	1	42	0.1196593
1	12	1	43	0.2614572
1	12	1	44	0.1334961
1	12	1	46	0.2198486
1	41	1	41	0.8066592
1	42	1	41	0.4699053
1	42	1	42	0.7960921
1	43	1	41	0.3824432
1	43	1	42	0.3895913
1	43	1	43	0.8269744
1	44	1	41	0.521803
1	44	1	42	0.3788616
1	44	1	43	0.5120582
1	44	1	44	0.8278837
1	44	1	46	0.5268066
1	46	1	41	-0.03760308
1	46	1	42	0.3676126
1	46	1	43	0.39223
1	46	1	46	0.8859199
1	1	2	1	0.06541028
1	1	2	2	-0.14177218
1	1	2	3	-0.08969743
1	1	2	7	-0.13615757
1	1	2	8	0.01688354
1	1	2	9	-0.12227095
1	1	2	10	-0.12820036
1	1	2	11	-0.13980131
1	1	2	13	-0.0068082
1	1	2	14	-0.01772251
1	2	2	1	0.07764772
1	2	2	2	-0.11614093
1	2	2	3	0.00014525
1	2	2	7	-0.08504298
1	2	2	8	-0.04462187
1	2	2	9	0.02116073
1	2	2	10	0.0542472
1	2	2	11	0.05659443
1	2	2	13	0.04005435
1	2	2	14	-0.08704267
1	3	2	1	-0.02005982
1	3	2	2	-0.07712279
1	3	2	3	0.02093025
1	3	2	7	-0.07917295
1	3	2	8	-0.04833134
1	3	2	9	-0.03617326
1	3	2	10	0.05136392
1	3	2	11	-0.11333371
1	3	2	13	-0.09490661
1	3	2	14	-0.07640311
1	4	2	1	-0.08547866
1	4	2	2	-0.02796735
1	4	2	3	-0.01514989
1	4	2	7	0.05028758
1	4	2	8	-0.04567765
1	4	2	9	0.0374424
1	4	2	10	-0.03752358
1	4	2	11	-0.1343648
1	4	2	13	-0.12941246
1	4	2	14	-0.06876543
1	10	2	1	0.0728715
1	10	2	2	-0.1170531
1	10	2	3	0.0565304
1	10	2	7	-0.01557669
1	10	2	8	0.05520349
1	10	2	9	-0.02523533
1	10	2	10	0.00323084
1	10	2	11	-0.11162158
1	10	2	13	0.05241663
1	10	2	14	-0.01313327
1	12	2	1	0.06408026
1	12	2	2	0.03892646
1	12	2	3	-0.0147348
1	12	2	7	-0.05023114
1	12	2	8	-0.15072367
1	12	2	9	-0.03251892
1	12	2	10	-0.07810845
1	12	2	11	-0.03542462
1	12	2	13	0.005193
1	12	2	14	0.06061084
1	41	2	2	-0.0378528
1	42	2	1	-0.060359
1	42	2	2	-0.06848876
1	42	2	3	-0.08895421
1	43	2	1	-0.08267247
1	43	2	2	0.00263172
1	43	2	3	0.000990940000000003
1	44	2	1	-0.04344539
1	44	2	2	0.04796184
1	44	2	3	-0.04132744
1	44	2	7	-0.05864281
1	44	2	8	-0.12689406
1	44	2	9	0.03044913
1	44	2	10	0.02236052
1	44	2	11	0.0400555
1	44	2	13	-0.11945718
1	44	2	14	-0.08958955
1	46	2	1	0.0289038
1	46	2	2	-0.15067878
1	46	2	3	-0.12639272
1	46	2	7	0.01862166
1	46	2	8	0.03258552
1	46	2	9	0.01789613
1	46	2	10	0.05682095
1	46	2	11	0.03639697
1	46	2	13	-0.13484962
1	46	2	14	-0.03420218
1	1	3	1	-0.01552388
1	1	3	2	-0.02958998
1	1	3	3	-0.04991584
1	1	3	6	-0.09452136
1	1	3	7	0.05226241
1	1	3	8	-0.13681554
1	1	3	9	0.03741361
1	1	3	10	0.01990999
1	1	3	11	-0.03218459
1	1	3	12	-0.11580551
1	2	3	1	-0.03843343
1	2	3	2	-0.08739095
1	2	3	3	-0.06935883
1	2	3	6	-0.09217213
1	2	3	7	0.02813509
1	2	3	8	0.03060809
1	2	3	9	-0.0425743
1	2	3	10	0.02042186
1	2	3	11	0.0143962
1	2	3	12	0.01484502
1	3	3	1	-0.02690489
1	3	3	2	-0.02845536
1	3	3	3	-0.01594963
1	3	3	6	0.04911894
1	3	3	7	-0.12779517
1	3	3	8	-0.09005301
1	3	3	9	-0.02513952
1	3	3	10	-0.00379209
1	3	3	11	-0.09072125
1	3	3	12	0.00228465
1	4	3	1	0.03898482
1	4	3	2	-0.10496295
1	4	3	3	0.02559961
1	4	3	6	-0.01711439
1	4	3	7	-0.07870273
1	4	3	8	0.01058811
1	4	3	9	-0.06053802
1	4	3	10	-0.02495776
1	4	3	11	-0.10705147
1	4	3	12	-0.08552516
1	10	3	1	-0.10027443
1	10	3	2	-0.10230104
1	10	3	3	-0.0201016
1	10	3	6	0.04328863
1	10	3	7	0.00333937
1	10	3	8	0.000843260000000005
1	10	3	9	0.0033198
1	10	3	10	-0.03717325
1	10	3	11	-0.03469791
1	10	3	12	-0.0115493
1	12	3	1	-0.09422202
1	12	3	2	-0.04456606
1	12	3	3	-0.1018581
1	12	3	6	-0.07963238
1	12	3	7	-0.0124961
1	12	3	8	-0.04342761
1	12	3	9	-0.03063169
1	12	3	10	-0.000977770000000003
1	12	3	11	-0.06349092
1	12	3	12	-0.0928559
1	41	3	6	-0.02458819
1	42	3	2	0.04626164
1	42	3	6	-0.04727647
1	42	3	7	-0.13900011
1	43	3	2	-0.00252779
1	43	3	6	-0.145138
1	43	3	7	-0.14061885
1	43	3	8	0.04411987
1	44	3	1	-0.04924945
1	44	3	2	-0.04401648
1	44	3	3	-0.023425
1	44	3	6	0.0595946
1	44	3	7	0.01322921
1	44	3	8	-0.00559647
1	44	3	9	-0.01566547
1	44	3	10	-0.15042917
1	44	3	11	0.01682358
1	44	3	12	0.0652108
1	46	3	1	-0.09438446
1	46	3	2	-0.13350835
1	46	3	3	0.03046873
1	46	3	6	-0.08432909
1	46	3	7	-0.00320791
1	46	3	8	-0.13035707
1	46	3	9	-0.03868106
1	46	3	10	-0.06157949
1	46	3	11	-0.0965055
1	46	3	12	-0.01855338
1	1	4	1	-0.15102002
1	1	4	2	-0.00619918
1	1	4	6	-0.1227382
1	1	4	7	0.00559379
1	1	4	8	-0.02814277
1	1	4	9	-0.01925003
1	1	4	11	0.00482345
1	1	4	12	-0.01183116
1	1	4	25	-0.10759089
1	1	4	27	-0.12837462
1	1	4	29	-0.1271609
1	2	4	1	-0.11856936
1	2	4	2	0.0042613
1	2	4	6	-0.13230997
1	2	4	7	-0.08403478
1	2	4	8	-0.11409018
1	2	4	9	-0.04785362
1	2	4	11	-0.16323561
1	2	4	12	-0.08120547
1	2	4	25	0.05844712
1	2	4	27	-0.11701716
1	2	4	29	0.04053584
1	3	4	1	-0.1244444
1	3	4	2	0.04288461
1	3	4	6	0.020518
1	3	4	7	-0.1530362
1	3	4	8	-0.14582757
1	3	4	9	-0.12219687
1	3	4	11	0.03867795
1	3	4	12	-0.00443882
1	3	4	25	0.06685009
1	3	4	27	-0.13441319
1	3	4	29	-0.06426302
1	4	4	1	-0.00695354
1	4	4	2	0.03847921
1	4	4	6	-0.05972679
1	4	4	7	0.01365917
1	4	4	8	-0.03351942
1	4	4	9	0.00287782
1	4	4	11	-0.06784721
1	4	4	12	-0.14093982
1	4	4	25	-0.04235967
1	4	4	27	-0.13983121
1	4	4	29	-0.01879724
1	10	4	1	0.01187744
1	10	4	2	-0.10977473
1	10	4	6	0.03901308
1	10	4	7	-0.0714531
1	10	4	8	-0.05184193
1	10	4	9	0.0461878
1	10	4	11	-0.09335138
1	10	4	12	0.01861763
1	10	4	25	-0.00258537
1	10	4	27	0.01735427
1	10	4	29	-0.04897855
1	12	4	1	0.00381779
1	12	4	2	0.02550101
1	12	4	6	-0.08120899
1	12	4	7	0.03912088
1	12	4	8	-0.0295474
1	12	4	9	-0.09119812
1	12	4	11	0.04914741
1	12	4	12	0.05465822
1	12	4	25	-0.02105747
1	12	4	27	-0.04695901
1	12	4	29	-0.13316542
1	41	4	8	0.04194778
1	41	4	9	-0.05736989
1	41	4	12	-0.04890163
1	42	4	8	-0.12295669
1	42	4	9	-0.13192444
1	42	4	11	0.02707016
1	42	4	12	-0.05801196
1	43	4	8	0.01828193
1	43	4	9	-0.01333688
1	43	4	11	-0.03014461
1	43	4	12	0.04644019
1	44	4	1	-0.10048602
1	44	4	2	0.00247756
1	44	4	6	-0.07503701
1	44	4	7	-0.04970659
1	44	4	8	-0.09184641
1	44	4	9	-0.14249875
1	44	4	11	-0.07779662
1	44	4	12	-0.11449883
1	44	4	25	-0.07146092
1	44	4	27	0.01559575
1	44	4	29	-0.07178411
1	46	4	1	-0.00816638
1	46	4	2	0.03499378
1	46	4	6	0.01628798
1	46	4	7	-0.07519227
1	46	4	8	0.035562617
1	46	4	9	-0.00723193
1	46	4	11	-0.13655785
1	46	4	12	-0.07111377
1	46	4	25	0.01275361
1	46	4	27	-0.05272117
1	46	4	29	0.020426308
1	1	5	1	0.03847257
1	1	5	2	-0.15876955
1	1	5	6	0.02676675
1	1	5	9	0.00218038
1	1	5	10	-0.11642611
1	1	5	11	-0.11432151
1	2	5	1	-0.09866716
1	2	5	2	0.0037191
1	2	5	6	0.00866038
1	2	5	9	0.06661115
1	2	5	10	-0.01866736
1	2	5	11	0.04456854
1	3	5	1	-0.10784753
1	3	5	2	-0.01252429
1	3	5	6	-0.00146003
1	3	5	9	0.05651493
1	3	5	10	-0.05550863
1	3	5	11	0.03296356
1	4	5	1	-0.12886101
1	4	5	2	-0.06240648
1	4	5	6	-0.13130454
1	4	5	9	0.01014562
1	4	5	10	-0.0755403
1	4	5	11	-0.1314426
1	10	5	1	-0.09984642
1	10	5	2	-0.05030433
1	10	5	6	-0.10465482
1	10	5	9	0.061586
1	10	5	10	0.00288527
1	10	5	11	0.00924517
1	12	5	1	-0.07752723
1	12	5	2	0.02843209
1	12	5	6	0.01926056
1	12	5	9	0.04738186
1	12	5	10	-0.11442731
1	12	5	11	0.00497333
1	41	5	1	-0.0181711
1	41	5	2	-0.05512059
1	41	5	6	-0.07144783
1	41	5	9	-0.09855973
1	41	5	10	-0.02453765
1	41	5	11	-0.08513104
1	42	5	1	-0.07978881
1	42	5	2	-0.02953621
1	42	5	6	-0.11233128
1	42	5	9	0.03037281
1	42	5	10	0.06549928
1	42	5	11	-0.02683389
1	43	5	1	0.04929414
1	43	5	2	-0.01759029
1	43	5	6	0.03588675
1	43	5	9	-0.07124302
1	43	5	10	-0.02629284
1	43	5	11	-0.00480336999999999
1	44	5	1	-0.02745162
1	44	5	2	-0.02885859
1	44	5	6	-0.07207164
1	44	5	9	-0.00645561
1	44	5	10	-0.1127617
1	44	5	11	-0.03016492
1	46	5	1	-0.06818661
1	46	5	2	-0.0328262
1	46	5	6	-0.06381728
1	46	5	9	-0.10901508
1	46	5	10	-0.08260458
1	46	5	11	-0.00798701
1	1	6	1	-0.05779677
1	1	6	2	0.00071997
1	1	6	4	0.05318765
1	1	6	5	-0.06147003
1	2	6	1	0.0157476
1	2	6	2	-0.12174916
1	2	6	4	0.03332376
1	2	6	5	-0.02404722
1	3	6	1	-0.09948721
1	3	6	2	-0.12162483
1	3	6	4	-0.07901632
1	3	6	5	-0.05291201
1	4	6	1	0.0343256
1	4	6	2	-0.0706522
1	4	6	4	0.04113684
1	4	6	5	0.00899196
1	10	6	1	-0.11996611
1	10	6	2	-0.02558627
1	10	6	4	-0.02603524
1	10	6	5	-0.03201046
1	12	6	1	0.07399123
1	12	6	2	-0.00182185
1	12	6	4	-0.06953537
1	12	6	5	0.03175621
1	41	6	1	-0.08984388
1	41	6	2	-0.12312498
1	41	6	4	-0.14380368
1	41	6	5	0.000215120000000003
1	42	6	1	-0.0125718
1	42	6	2	0.04289974
1	42	6	4	0.04637831
1	42	6	5	0.06119923
1	43	6	1	-0.12139654
1	43	6	2	-0.03155177
1	43	6	4	-0.11964215
1	43	6	5	-0.02845784
1	44	6	1	0.040693
1	44	6	2	-0.09655488
1	44	6	4	-0.11297535
1	44	6	5	0.04437924
1	46	6	1	-0.02036463
1	46	6	2	0.0151874
1	46	6	4	-0.082769
1	46	6	5	-0.05535086
1	1	7	1	-0.01502942
1	1	7	2	0.02049945
1	1	7	3	-0.04259855
1	1	7	4	0.01493147
1	1	7	5	-0.05905737
1	2	7	1	0.01379268
1	2	7	2	0.00501209
1	2	7	3	0.04128177
1	2	7	4	0.00109666
1	2	7	5	-0.11000623
1	3	7	1	-0.1202342
1	3	7	2	-0.06135318
1	3	7	3	0.02011009
1	3	7	4	-0.0722403
1	3	7	5	0.01996326
1	4	7	1	0.07408144
1	4	7	2	-0.09662702
1	4	7	3	-0.12488953
1	4	7	4	-0.07205717
1	4	7	5	-0.10242649
1	10	7	1	0.0568314
1	10	7	2	-0.08244557
1	10	7	3	-0.07937817
1	10	7	4	-0.09620059
1	10	7	5	-0.04883235
1	12	7	1	0.06229053
1	12	7	2	0.04826596
1	12	7	3	0.04568193
1	12	7	4	-0.01416855
1	12	7	5	-0.0823254
1	41	7	1	-0.13468538
1	41	7	2	0.02097951
1	41	7	3	-0.05848668
1	41	7	4	0.00060814
1	41	7	5	-0.09111454
1	42	7	1	-0.12668923
1	42	7	2	-0.06511744
1	42	7	3	0.04583417
1	42	7	4	0.03584003
1	42	7	5	-0.13293974
1	43	7	1	-0.11830809
1	43	7	2	-0.04382354
1	43	7	3	-0.062248
1	43	7	4	-0.09827524
1	43	7	5	0.02367788
1	44	7	1	0.03984584
1	44	7	2	-0.02887994
1	44	7	3	0.04634262
1	44	7	4	-0.07925693
1	44	7	5	-0.08935252
1	46	7	1	-0.13009188
1	46	7	2	0.06052939
1	46	7	3	-0.12386787
1	46	7	4	0.03764621
1	46	7	5	-0.03520726
1	1	8	1	-0.00769202
1	1	8	2	-0.10941131
1	1	8	3	0.04395965
1	1	8	4	0.04137793
1	1	8	5	-0.07787939
1	2	8	1	-0.1273434
1	2	8	2	-0.07445871
1	2	8	3	-0.01696443
1	2	8	4	-0.12123815
1	2	8	5	-0.08340225
1	3	8	1	-0.0666961
1	3	8	2	0.0028716
1	3	8	3	0.04251174
1	3	8	4	-0.03614574
1	3	8	5	-0.11730435
1	4	8	1	-0.06471009
1	4	8	2	0.03413854
1	4	8	3	0.02812002
1	4	8	4	-0.0996695
1	4	8	5	-0.12274165
1	10	8	1	0.05491981
1	10	8	2	0.04108766
1	10	8	3	-0.05838658
1	10	8	4	-0.1264783
1	10	8	5	-0.09955253
1	12	8	1	-0.12100754
1	12	8	2	0.02985114
1	12	8	3	-0.15173626
1	12	8	4	-0.06185357
1	12	8	5	-0.07346365
1	41	8	1	0.04110229
1	41	8	2	-0.0594208
1	41	8	3	-0.05896347
1	41	8	4	0.02917961
1	41	8	5	-0.13626229
1	42	8	1	-0.000918309999999999
1	42	8	2	-0.02338901
1	42	8	3	-0.13910393
1	42	8	4	0.02472312
1	42	8	5	-0.09677922
1	43	8	1	-0.10283022
1	43	8	2	0.02341436
1	43	8	3	-0.04770862
1	43	8	4	-0.06714351
1	43	8	5	-0.04376375
1	44	8	1	-0.06626492
1	44	8	2	0.05115944
1	44	8	3	-0.02411925
1	44	8	4	0.04391443
1	44	8	5	-0.01951508
1	46	8	1	-0.07391863
1	46	8	2	0.00271867
1	46	8	3	0.02434383
1	46	8	4	0.01496491
1	46	8	5	0.01979549
1	1	9	1	-0.00079241
1	1	9	2	0.04931068
1	1	9	3	0.03056315
1	1	9	4	-0.09730447
1	1	9	5	0.00890981
1	2	9	1	0.07593513
1	2	9	2	0.06881094
1	2	9	3	-0.12343146
1	2	9	4	-0.06713246
1	2	9	5	-0.05317553
1	3	9	1	-0.06867556
1	3	9	2	0.05826508
1	3	9	3	-0.0364014
1	3	9	4	-0.05023303
1	3	9	5	-0.02446723
1	4	9	1	-0.03031528
1	4	9	2	-0.03634688
1	4	9	3	0.04986988
1	4	9	4	-0.03913694
1	4	9	5	0.00526324
1	10	9	1	-0.01861534
1	10	9	2	-0.06495816
1	10	9	3	0.04619546
1	10	9	4	-0.06504974
1	10	9	5	0.06078226
1	12	9	1	-0.11876555
1	12	9	2	-0.12076542
1	12	9	3	0.01165079
1	12	9	4	0.04690926
1	12	9	5	-0.07272415
1	41	9	1	0.01130906
1	41	9	2	-0.13861404
1	41	9	3	-0.12397465
1	41	9	4	0.05442982
1	41	9	5	-0.02036912
1	42	9	1	-0.13407742
1	42	9	2	0.02581159
1	42	9	3	0.02747893
1	42	9	4	-0.12125645
1	42	9	5	0.02520569
1	43	9	1	-0.12907386
1	43	9	2	0.01828403
1	43	9	3	-0.0554457
1	43	9	4	-0.10644363
1	43	9	5	-0.11184733
1	44	9	1	-0.12042439
1	44	9	2	0.00266359
1	44	9	3	0.05423306
1	44	9	4	0.00117443
1	44	9	5	-0.0114649
1	46	9	1	-0.08159958
1	46	9	2	-0.11538651
1	46	9	3	-0.04312286
1	46	9	4	-0.0243587
1	46	9	5	-0.03711057
1	1	10	1	-0.08820495
1	1	10	2	-0.06158454
1	1	10	3	0.00481518
1	1	10	4	-0.07706062
1	1	10	6	-0.04453733
1	2	10	1	-0.07311234
1	2	10	2	-0.12513305
1	2	10	3	-0.03408685
1	2	10	4	0.00698901
1	2	10	6	0.01229246
1	3	10	1	-0.04181652
1	3	10	2	0.01940205
1	3	10	3	-0.13585151
1	3	10	4	-0.12993641
1	3	10	6	-0.02888489
1	4	10	1	-0.01217319
1	4	10	2	0.05011133
1	4	10	3	-0.12760192
1	4	10	4	0.06121023
1	4	10	6	-0.04272657
1	10	10	1	-0.0821151
1	10	10	2	-0.12281837
1	10	10	3	-0.08773338
1	10	10	4	-0.02803015
1	10	10	6	0.03504522
1	12	10	1	-0.10862416
1	12	10	2	-0.08309177
1	12	10	3	-0.13375266
1	12	10	4	0.00669776
1	12	10	6	-0.02271944
1	41	10	1	-0.09144964
1	41	10	2	-0.10094797
1	41	10	3	0.05341501
1	41	10	4	-0.09342694
1	41	10	6	0.01038318
1	42	10	1	-0.03759393
1	42	10	2	-0.07863336
1	42	10	3	0.02335883
1	42	10	4	-0.1503595
1	42	10	6	-0.02824097
1	43	10	1	-0.10279019
1	43	10	2	0.02981353
1	43	10	3	-0.1160759
1	43	10	4	-0.02556613
1	43	10	6	-0.03900447
1	44	10	1	-0.10164655
1	44	10	2	-0.02615239
1	44	10	3	-0.059532
1	44	10	4	-0.02025743
1	44	10	6	0.04081664
1	46	10	1	-0.13455461
1	46	10	2	0.03396314
1	46	10	3	-0.01272322
1	46	10	4	-0.08152452
1	46	10	6	-0.11076978
2	1	1	41	-0.06428094
2	3	1	41	-0.06037665
2	7	1	41	0.01335459
2	7	1	42	-0.01054528
2	7	1	43	-0.14729616
2	8	1	41	-0.04364044
2	8	1	42	-0.11729848
2	8	1	43	-0.1194498
2	9	1	41	0.0302729
2	9	1	42	-0.0430621
2	9	1	43	0.02560086
2	10	1	41	-0.06013892
2	10	1	42	0.00445211
2	10	1	43	0.02267686
2	11	1	41	-0.00522341
2	11	1	42	-0.04282704
2	11	1	43	-0.02323462
2	13	1	41	-0.11074975
2	13	1	42	-0.13914461
2	13	1	43	0.01124823
2	14	1	41	0.0395396
2	14	1	42	0.00453754
2	14	1	43	0.02701014
2	1	2	1	0.974604
2	1	2	2	-0.04691878
2	2	2	2	0.8773918
2	3	2	1	0.4665679
2	3	2	2	0.3580297
2	3	2	3	0.8708575
2	7	2	1	0.495634
2	7	2	2	0.4941711
2	7	2	3	0.5029633
2	7	2	7	0.837425
2	7	2	8	0.169274
2	7	2	9	-0.10493215
2	7	2	10	-0.03005957
2	7	2	11	-0.02597828
2	7	2	13	0.1809576
2	7	2	14	0.078257
2	8	2	1	0.07399985
2	8	2	2	0.4966662
2	8	2	3	0.266339
2	8	2	8	0.8864716
2	8	2	9	0.00747498
2	8	2	10	0.4459186
2	8	2	11	0.4796479
2	8	2	13	0.3779893
2	8	2	14	0.351904
2	9	2	1	-0.08830674
2	9	2	2	-0.01620888
2	9	2	3	0.08462528
2	9	2	9	1.053485
2	9	2	10	0.450597
2	9	2	11	0.6364102
2	9	2	13	0.05133885
2	9	2	14	-0.02114741
2	10	2	1	-0.08798267
2	10	2	2	0.266059
2	10	2	3	0.06945402
2	10	2	10	1.0235358
2	10	2	11	0.3575539
2	10	2	13	0.2697134
2	10	2	14	0.1581076
2	11	2	1	-0.06449861
2	11	2	2	0.2182429
2	11	2	3	-0.01549859
2	11	2	11	1.044035
2	11	2	13	0.0665805
2	11	2	14	0.2392019
2	13	2	1	0.08912256
2	13	2	2	0.5510918
2	13	2	3	0.2605246
2	13	2	13	1.03528
2	13	2	14	0.3588757
2	14	2	1	0.0796058
2	14	2	2	0.518279
2	14	2	3	0.2786291
2	14	2	14	0.9340776
2	1	3	2	0.08853626
2	1	3	6	0.06095434
2	2	3	6	0.0096641
2	3	3	2	-0.02476845
2	3	3	6	-0.09207934
2	3	3	7	-0.1261643
2	7	3	1	0.03860852
2	7	3	2	-0.13169061
2	7	3	3	0.00243879
2	7	3	6	-0.07230685
2	7	3	7	0.02358512
2	7	3	8	-0.09902011
2	7	3	9	-0.00221459
2	7	3	10	-0.000786060000000005
2	7	3	11	-0.07508682
2	7	3	12	0.04465544
2	8	3	1	-0.13083479
2	8	3	2	0.01787472
2	8	3	3	0.01672349
2	8	3	6	-0.02471871
2	8	3	7	0.0608785
2	8	3	8	-0.05710681
2	8	3	9	-0.03959944
2	8	3	10	-0.02137312
2	8	3	11	-0.08339697
2	8	3	12	0.0719955
2	9	3	1	-0.0290969
2	9	3	2	0.03443071
2	9	3	3	-0.08025996
2	9	3	6	-0.09991537
2	9	3	7	-0.11960018
2	9	3	8	-0.10117059
2	9	3	9	0.08599755
2	9	3	10	-0.09757802
2	9	3	11	0.04352279
2	9	3	12	-0.0816554
2	10	3	1	-0.02399887
2	10	3	2	-0.04529064
2	10	3	3	-0.10267872
2	10	3	6	-0.01705052
2	10	3	7	-0.09088776
2	10	3	8	0.02869932
2	10	3	9	0.00799159
2	10	3	10	-0.09391793
2	10	3	11	-0.05260691
2	10	3	12	0.07079198
2	11	3	1	-0.03541311
2	11	3	2	-0.12744672
2	11	3	3	-0.01372248
2	11	3	6	-0.06642559
2	11	3	7	0.02749013
2	11	3	8	-0.06800726
2	11	3	9	0.06081082
2	11	3	10	-0.01268492
2	11	3	11	-0.10968553
2	11	3	12	-0.1327857
2	13	3	1	0.05340317
2	13	3	2	-0.01631126
2	13	3	3	-0.04559797
2	13	3	6	-0.00948974
2	13	3	7	-0.09345002
2	13	3	8	0.02558904
2	13	3	9	0.01600489
2	13	3	10	-0.02281811
2	13	3	11	-0.05518657
2	13	3	12	-0.07447066
2	14	3	1	-0.04760684
2	14	3	2	-0.05500319
2	14	3	3	-0.12085349
2	14	3	6	0.04259347
2	14	3	7	-0.09572054
2	14	3	8	-0.00236066
2	14	3	9	-0.13444441
2	14	3	10	-0.10827787
2	14	3	11	0.03139555
2	14	3	12	-0.12286369
2	1	4	8	-0.09910922
2	1	4	9	-0.01018431
2	1	4	12	-0.07207838
2	2	4	8	-0.12560011
2	2	4	9	-0.10702796
2	2	4	12	-0.14277268
2	3	4	8	-0.14834115
2	3	4	9	-0.10089743
2	3	4	11	-0.11703663
2	3	4	12	-0.03784754
2	7	4	1	0.05198297
2	7	4	2	-0.07642456
2	7	4	6	-0.06361032
2	7	4	7	-0.14106242
2	7	4	8	-0.03946701
2	7	4	9	0.05570671
2	7	4	11	-0.02125721
2	7	4	12	0.02979348
2	7	4	25	0.0188954
2	7	4	27	-0.11131237
2	7	4	29	-0.10319862
2	8	4	1	-0.10066344
2	8	4	2	-0.138467
2	8	4	6	-0.12115488
2	8	4	7	-0.14907236
2	8	4	8	0.06324442
2	8	4	9	-0.09576365
2	8	4	11	0.04534524
2	8	4	12	0.02360914
2	8	4	25	-0.1133579
2	8	4	27	-0.07320873
2	8	4	29	-0.1481279
2	9	4	1	0.00456801
2	9	4	2	-0.14587491
2	9	4	6	-0.03887875
2	9	4	7	0.02487028
2	9	4	8	-0.03047116
2	9	4	9	0.03548016
2	9	4	11	-0.12980832
2	9	4	12	-0.08189146
2	9	4	25	-0.10727512
2	9	4	27	-0.13636815
2	9	4	29	0.0125218
2	10	4	1	-0.08709765
2	10	4	2	-0.04422247
2	10	4	6	-0.10547456
2	10	4	7	-0.0335947
2	10	4	8	0.0294553
2	10	4	9	0.01540375
2	10	4	11	-0.14089733
2	10	4	12	-0.09907075
2	10	4	25	-0.07507303
2	10	4	27	-0.0659344
2	10	4	29	-0.02111521
2	11	4	1	-0.07202557
2	11	4	2	-0.1203901
2	11	4	6	-0.00970817
2	11	4	7	-0.05011283
2	11	4	8	-0.07535675
2	11	4	9	-0.03920441
2	11	4	11	-0.04897099
2	11	4	12	-0.11090561
2	11	4	25	-0.0108157
2	11	4	27	-0.01646448
2	11	4	29	-0.14910381
2	13	4	1	0.0291242
2	13	4	2	-0.06961709
2	13	4	6	-0.08799591
2	13	4	7	-0.06139219
2	13	4	8	-0.07530109
2	13	4	9	-0.04056573
2	13	4	11	0.03494042
2	13	4	12	-0.16325632
2	13	4	25	-0.03807821
2	13	4	27	-0.05949375
2	13	4	29	0.02856878
2	14	4	1	-0.12174078
2	14	4	2	-0.05033611
2	14	4	6	0.03944776
2	14	4	7	0.02985012
2	14	4	8	-0.10576229
2	14	4	9	-0.09030358
2	14	4	11	-0.06974483
2	14	4	12	-0.11002417
2	14	4	25	0.02565296
2	14	4	27	-0.13061547
2	14	4	29	0.00226721000000001
2	1	5	1	-0.01468902
2	1	5	2	-0.06013085
2	1	5	6	-0.03048879
2	1	5	9	-0.04187036
2	1	5	10	-0.12094377
2	1	5	11	-0.11824278
2	2	5	1	-0.06313655
2	2	5	2	-0.02137428
2	2	5	6	0.03855981
2	2	5	9	0.02960018
2	2	5	10	-0.06344937
2	2	5	11	0.00246572
2	3	5	1	0.06725506
2	3	5	2	0.0030385
2	3	5	6	-0.09096206
2	3	5	9	-0.10454044
2	3	5	10	0.01340219
2	3	5	11	-0.09384667
2	7	5	1	0.06765485
2	7	5	2	-0.03647127
2	7	5	6	-0.10123428
2	7	5	9	-0.10811603
2	7	5	10	-0.00248411
2	7	5	11	-0.10023681
2	8	5	1	-0.1443099
2	8	5	2	-0.00208429
2	8	5	6	-0.12183663
2	8	5	9	-0.04818577
2	8	5	10	-0.08220113
2	8	5	11	0.04061784
2	9	5	1	0.07158362
2	9	5	2	-0.08475307
2	9	5	6	0.0405481
2	9	5	9	0.018199397
2	9	5	10	-0.13016412
2	9	5	11	0.00720918
2	10	5	1	-0.02961758
2	10	5	2	-0.05231824
2	10	5	6	-0.00644136
2	10	5	9	-0.08859622
2	10	5	10	-0.01944231
2	10	5	11	0.04469905
2	11	5	1	-0.12160637
2	11	5	2	-0.01893924
2	11	5	6	0.0460281
2	11	5	9	-0.05450008
2	11	5	10	-0.10386228
2	11	5	11	0.02714707
2	13	5	1	0.03118951
2	13	5	2	0.05764774
2	13	5	6	-0.01177278
2	13	5	9	0.06548776
2	13	5	10	-0.03099946
2	13	5	11	-0.02798523
2	14	5	1	-0.12240305
2	14	5	2	-0.04677295
2	14	5	6	-0.09702593
2	14	5	9	0.05523557
2	14	5	10	0.03578659
2	14	5	11	-0.07763465
2	1	6	1	-0.046207811
2	1	6	2	-0.076468022
2	1	6	4	0.007771155
2	1	6	5	0.012502203
2	2	6	1	0.0458711
2	2	6	2	-0.05889199
2	2	6	4	-0.06577177
2	2	6	5	-0.01896728
2	3	6	1	0.02039638
2	3	6	2	-0.000966460000000002
2	3	6	4	0.0690632
2	3	6	5	0.02143509
2	7	6	1	0.08151122
2	7	6	2	-0.11658924
2	7	6	4	-0.0220907
2	7	6	5	0.0635206
2	8	6	1	0.06430289
2	8	6	2	0.02713737
2	8	6	4	0.06167549
2	8	6	5	-0.08278164
2	9	6	1	-0.094513907
2	9	6	2	0.1007104253
2	9	6	4	0.068191831
2	9	6	5	-0.008923444
2	10	6	1	-0.0537164
2	10	6	2	-0.10545661
2	10	6	4	-0.01642272
2	10	6	5	-0.091952674
2	11	6	1	-0.09258701
2	11	6	2	-0.05646068
2	11	6	4	-0.0746165
2	11	6	5	-0.09383972
2	13	6	1	-0.05791034
2	13	6	2	-0.00203938
2	13	6	4	0.06924829
2	13	6	5	-0.066336384
2	14	6	1	0.02149164
2	14	6	2	-0.0225018
2	14	6	4	-0.00848244
2	14	6	5	-0.05043578
2	1	7	1	-0.10352581
2	1	7	2	-0.004151265
2	1	7	3	0.018259495
2	1	7	4	0.07733731
2	1	7	5	0.08529715
2	2	7	1	0.03033328
2	2	7	2	0.03882719
2	2	7	3	0.05997722
2	2	7	4	0.06624388
2	2	7	5	-0.0384904
2	3	7	1	0.05182176
2	3	7	2	-0.03954646
2	3	7	3	-0.02297691
2	3	7	4	0.01223259
2	3	7	5	-0.11520985
2	7	7	1	-0.05061056
2	7	7	2	-0.04948996
2	7	7	3	-0.01296017
2	7	7	4	0.01962162
2	7	7	5	0.01840639
2	8	7	1	-0.08388632
2	8	7	2	0.03506
2	8	7	3	0.04007565
2	8	7	4	-0.07207188
2	8	7	5	-0.08868568
2	9	7	1	-0.04690908
2	9	7	2	-0.037629032
2	9	7	3	0.00569061
2	9	7	4	-0.09150042
2	9	7	5	0.03843785
2	10	7	1	-0.0208237
2	10	7	2	0.04600552
2	10	7	3	-0.07507594
2	10	7	4	-0.10134953
2	10	7	5	-0.13522836
2	11	7	1	-0.02670624
2	11	7	2	-0.09254191
2	11	7	3	-0.04567041
2	11	7	4	0.05882132
2	11	7	5	-0.09412901
2	13	7	1	0.0716406
2	13	7	2	-0.05880509
2	13	7	3	-0.09569543
2	13	7	4	0.06035656
2	13	7	5	0.02681388
2	14	7	1	-0.02890281
2	14	7	2	-0.10549005
2	14	7	3	0.03010341
2	14	7	4	-0.02718729
2	14	7	5	-0.07270679
2	1	8	1	-0.097425282
2	1	8	2	-0.10138026
2	1	8	3	0.05925262
2	1	8	4	-0.02923504
2	1	8	5	0.01824893
2	2	8	1	0.00634798
2	2	8	2	-0.00924544
2	2	8	3	-0.0247558
2	2	8	4	-0.04907176
2	2	8	5	0.03992528
2	3	8	1	0.07974361
2	3	8	2	-0.08827627
2	3	8	3	-0.07474246
2	3	8	4	0.05442485
2	3	8	5	0.04273268
2	7	8	1	-0.00954424
2	7	8	2	-0.12013595
2	7	8	3	0.03781826
2	7	8	4	-0.11875195
2	7	8	5	0.00584449
2	8	8	1	-0.06057581
2	8	8	2	-0.09070026
2	8	8	3	-0.00793648
2	8	8	4	-0.07895098
2	8	8	5	-0.01138547
2	9	8	1	-0.05765515
2	9	8	2	-0.09994238
2	9	8	3	0.0547633
2	9	8	4	-0.01087329
2	9	8	5	-0.03052341
2	10	8	1	0.05730392
2	10	8	2	-0.11724439
2	10	8	3	-0.01313438
2	10	8	4	-0.09091176
2	10	8	5	0.06029398
2	11	8	1	-0.09460316
2	11	8	2	-0.03630047
2	11	8	3	-0.00456511
2	11	8	4	-0.03341331
2	11	8	5	-0.02053911
2	13	8	1	0.00520562
2	13	8	2	0.01900775
2	13	8	3	0.04433041
2	13	8	4	-0.00141334
2	13	8	5	0.03411169
2	14	8	1	-0.12978682
2	14	8	2	-0.06249356
2	14	8	3	0.02156181
2	14	8	4	0.0337473
2	14	8	5	-0.13270295
2	1	9	1	0.08194791
2	1	9	2	0.006681858
2	1	9	3	0.027686415
2	1	9	4	0.025161485
2	1	9	5	-0.11210965
2	2	9	1	-0.02827518
2	2	9	2	-0.0507079
2	2	9	3	-0.09948425
2	2	9	4	0.06291974
2	2	9	5	0.07442084
2	3	9	1	0.03262606
2	3	9	2	0.06238328
2	3	9	3	0.0762752
2	3	9	4	-0.00821045
2	3	9	5	0.0012954
2	7	9	1	-0.0704745
2	7	9	2	-0.00521426
2	7	9	3	0.0156881
2	7	9	4	-0.09921694
2	7	9	5	0.07519928
2	8	9	1	0.02721476
2	8	9	2	-0.09906198
2	8	9	3	-0.04575111
2	8	9	4	-0.07850927
2	8	9	5	-0.03458436
2	9	9	1	-0.10368703
2	9	9	2	-0.01201619
2	9	9	3	-0.100278054
2	9	9	4	-0.003788684
2	9	9	5	0.05693982
2	10	9	1	0.02465469
2	10	9	2	-0.11438959
2	10	9	3	-0.08244946
2	10	9	4	0.05835544
2	10	9	5	-0.12184709
2	11	9	1	0.04685867
2	11	9	2	0.00820619
2	11	9	3	-0.10067496
2	11	9	4	0.02011833
2	11	9	5	0.04907621
2	13	9	1	-0.03369318
2	13	9	2	-0.05525511
2	13	9	3	0.02151169
2	13	9	4	0.03342694
2	13	9	5	0.05990801
2	14	9	1	-0.06563514
2	14	9	2	-0.10940557
2	14	9	3	-0.10502138
2	14	9	4	0.06092783
2	14	9	5	-0.03040572
2	1	10	1	-0.1159431
2	1	10	2	-0.00746205
2	1	10	3	-0.04359956
2	1	10	4	-0.06103885
2	1	10	6	0.04606081
2	2	10	1	-0.06634966
2	2	10	2	-0.09764641
2	2	10	3	-0.02259929
2	2	10	4	-0.05273443
2	2	10	6	-0.05385955
2	3	10	1	-0.01996967
2	3	10	2	-0.05300301
2	3	10	3	0.06050051
2	3	10	4	0.03239672
2	3	10	6	-0.13837268
2	7	10	1	-0.03255519
2	7	10	2	-0.02793252
2	7	10	3	-0.06883284
2	7	10	4	0.02039904
2	7	10	6	0.07299789
2	8	10	1	-0.15530603
2	8	10	2	0.04530142
2	8	10	3	-0.03220425
2	8	10	4	-0.10333809
2	8	10	6	0.01090461
2	9	10	1	-0.05217514
2	9	10	2	-0.02071222
2	9	10	3	-0.000530909999999999
2	9	10	4	-0.06970916
2	9	10	6	0.094727622
2	10	10	1	0.04719719
2	10	10	2	-0.03692497
2	10	10	3	-0.04215893
2	10	10	4	-0.10188369
2	10	10	6	0.01062812
2	11	10	1	0.05028927
2	11	10	2	0.0105995
2	11	10	3	-0.03589775
2	11	10	4	-0.03725925
2	11	10	6	-0.00508143
2	13	10	1	-0.03291604
2	13	10	2	-0.08462182
2	13	10	3	-0.01210362
2	13	10	4	0.02277925
2	13	10	6	0.01215983
2	14	10	1	0.03749439
2	14	10	2	-0.07782823
2	14	10	3	-0.09283334
2	14	10	4	-0.10872156
2	14	10	6	-0.0466552
3	1	1	41	0.03561838
3	1	1	42	-0.00825122
3	1	1	43	-0.12210905
3	2	1	41	-0.11665024
3	3	1	41	-0.07736316
3	3	1	42	0.0377123
3	3	1	43	-0.11713174
3	7	1	41	-0.10002249
3	8	1	41	-0.08992897
3	8	1	42	-0.05254556
3	9	1	41	-0.04268016
3	9	1	42	-0.01415613
3	9	1	43	-0.11158347
3	10	1	41	-0.01400262
3	10	1	42	-0.03335236
3	10	1	43	-0.13162763
3	11	1	41	0.02339883
3	11	1	42	-0.014846
3	11	1	43	0.05969444
3	12	1	41	-0.11712289
3	12	1	42	0.04269275
3	12	1	43	-0.0788349
3	1	2	1	0.072145891
3	1	2	2	0.07027712
3	1	2	3	-0.00696825
3	2	2	2	-0.1423418
3	3	2	1	0.0715407
3	3	2	2	0.06301872
3	3	2	3	-0.07768737
3	7	2	1	0.044926917
3	7	2	2	0.02114535
3	8	2	1	-0.06751109
3	8	2	2	-0.10595022
3	8	2	3	-0.07768117
3	9	2	1	0.0090634
3	9	2	2	-0.13287554
3	9	2	3	-0.01934671
3	10	2	1	-0.01864091
3	10	2	2	0.05200452
3	10	2	3	-0.12587404
3	11	2	1	-0.02478647
3	11	2	2	-0.0303909
3	11	2	3	-0.10816137
3	12	2	1	-0.01777355
3	12	2	2	0.03763588
3	12	2	3	-0.10378083
3	1	3	1	0.965525
3	1	3	2	0.04172087
3	1	3	3	0.5028192
3	1	3	6	0.05455212
3	1	3	7	-0.08403958
3	1	3	8	-0.05358637
3	1	3	9	0.06131695
3	1	3	10	-0.07318602
3	1	3	11	0.3964875
3	1	3	12	0.464333
3	2	3	2	0.9851004
3	2	3	6	-0.05020068
3	3	3	2	0.4887138
3	3	3	3	0.8393683
3	3	3	6	-0.10571977
3	3	3	7	0.03563995
3	3	3	8	0.00773715
3	6	3	6	0.9711286
3	7	3	2	0.1499771
3	7	3	6	-0.09057302
3	7	3	7	1.0607672
3	8	3	2	0.0121882
3	8	3	6	0.5365843
3	8	3	7	0.4426092
3	8	3	8	1.0295162
3	9	3	2	0.05337908
3	9	3	3	0.08181552
3	9	3	6	0.3879481
3	9	3	7	0.5491193
3	9	3	8	0.4917167
3	9	3	9	0.8673443
3	9	3	10	0.4645143
3	9	3	11	-0.07839265
3	9	3	12	0.12389335
3	10	3	2	0.05958087
3	10	3	3	-0.03961501
3	10	3	6	0.4113295
3	10	3	7	0.5524361
3	10	3	8	0.351005
3	10	3	10	0.8905587
3	10	3	11	-0.03534811
3	10	3	12	0.00108971
3	11	3	2	0.5082606
3	11	3	3	0.3775596
3	11	3	6	-0.09057354
3	11	3	7	0.01307938
3	11	3	8	-0.01442747
3	11	3	11	0.919186
3	11	3	12	0.3019395
3	12	3	2	0.4329391
3	12	3	3	0.4729509
3	12	3	6	-0.04039242
3	12	3	7	0.19242282
3	12	3	8	-0.06496267
3	12	3	12	1.0258529
3	1	4	1	-0.07629717
3	1	4	2	0.05185471
3	1	4	6	-0.05804329
3	1	4	7	0.05745535
3	1	4	8	0.04397294
3	1	4	9	0.05010004
3	1	4	11	0.05316938
3	1	4	12	-0.02708872
3	1	4	25	0.03196335
3	1	4	27	-0.14425522
3	1	4	29	0.02115703
3	2	4	8	-0.06624517
3	2	4	9	-0.07667555
3	2	4	12	-0.04746263
3	3	4	1	0.06598482
3	3	4	2	-0.048779
3	3	4	6	-0.13343619
3	3	4	7	-0.12350512
3	3	4	8	-0.00574599
3	3	4	9	0.03877644
3	3	4	11	0.01110296
3	3	4	12	-0.03252206
3	3	4	25	-0.02353326
3	3	4	27	0.04921727
3	3	4	29	-0.14031228
3	6	4	8	-0.06719906
3	6	4	9	-0.1210237
3	6	4	12	-0.03071632
3	7	4	8	-0.0545527
3	7	4	9	-0.00210097
3	7	4	11	-0.00574263
3	7	4	12	-0.14269322
3	8	4	8	-0.1155928
3	8	4	9	-0.08811956
3	8	4	11	-0.06322686
3	8	4	12	-0.13340325
3	9	4	1	0.05110308
3	9	4	2	-0.08889253
3	9	4	6	-0.09032712
3	9	4	7	-0.09793218
3	9	4	8	0.00389695
3	9	4	9	-0.11154526
3	9	4	11	0.03535908
3	9	4	12	-0.13721461
3	9	4	25	-0.09342197
3	9	4	27	0.01410437
3	9	4	29	-0.00200553
3	10	4	1	-0.08204221
3	10	4	2	-0.01650607
3	10	4	6	-0.03824198
3	10	4	7	-0.09487478
3	10	4	8	-0.03096907
3	10	4	9	-0.1447843
3	10	4	11	-0.15593847
3	10	4	12	-0.04895105
3	10	4	25	0.02668696
3	10	4	27	0.03164165
3	10	4	29	-0.01817876
3	11	4	1	-0.11634624
3	11	4	2	0.06016493
3	11	4	6	0.05438047
3	11	4	7	0.04402475
3	11	4	8	0.0577385
3	11	4	9	0.02201983
3	11	4	11	-0.12763803
3	11	4	12	-0.06377771
3	11	4	25	0.028599
3	11	4	27	0.01287314
3	11	4	29	-0.05748415
3	12	4	1	0.04194909
3	12	4	2	-0.09423198
3	12	4	6	-0.08191022
3	12	4	7	-0.00464709999999999
3	12	4	8	-0.08884401
3	12	4	9	-0.04473375
3	12	4	11	0.03592723
3	12	4	12	-0.05238604
3	12	4	25	-0.12615415
3	12	4	27	-0.01391145
3	12	4	29	-0.00679031
3	1	5	1	0.06816948
3	1	5	2	0.06497772
3	1	5	6	0.0293723
3	1	5	9	0.046295598
3	1	5	10	0.06242077
3	1	5	11	0.04457602
3	2	5	1	-0.00807777
3	2	5	2	-0.00790909
3	2	5	6	-0.04185479
3	2	5	9	-0.032565219
3	2	5	10	0.07499308
3	2	5	11	-0.01961213
3	3	5	1	0.04055104
3	3	5	2	-0.09961134
3	3	5	6	-0.02102306
3	3	5	9	-0.069057599
3	3	5	10	0.04842937
3	3	5	11	-0.11161322
3	6	5	1	0.01010928
3	6	5	2	0.03143989
3	6	5	6	-0.06017976
3	6	5	9	0.016949504
3	6	5	10	-0.10664908
3	6	5	11	-0.07978955
3	7	5	1	0.02433647
3	7	5	2	-0.09118535
3	7	5	6	-0.11067437
3	7	5	9	-0.019286597
3	7	5	10	0.05413018
3	7	5	11	0.06566256
3	8	5	1	0.01868331
3	8	5	2	-0.10450637
3	8	5	6	-0.09398367
3	8	5	9	-0.00144248
3	8	5	10	-0.06583663
3	8	5	11	0.05868664
3	9	5	1	-0.05963893
3	9	5	2	-0.09847511
3	9	5	6	-0.11262419
3	9	5	9	-0.05177144
3	9	5	10	-0.12074167
3	9	5	11	0.01346863
3	10	5	1	-0.10505606
3	10	5	2	-0.07998394
3	10	5	6	-0.11174304
3	10	5	9	-0.04493119
3	10	5	10	0.01290273
3	10	5	11	0.00112035
3	11	5	1	-0.08029593
3	11	5	2	-0.12938776
3	11	5	6	-0.0125194
3	11	5	9	0.024568646
3	11	5	10	-0.12426522
3	11	5	11	0.02123238
3	12	5	1	-0.11541754
3	12	5	2	0.06764034
3	12	5	6	-0.09890109
3	12	5	9	0.062896068
3	12	5	10	-0.12347449
3	12	5	11	0.0573864
3	1	6	1	-0.03875268
3	1	6	2	-0.08357019
3	1	6	4	-0.09216817
3	1	6	5	-0.04469429
3	2	6	1	0.05949526
3	2	6	2	-0.06097434
3	2	6	4	-0.01268689
3	2	6	5	-0.1027796
3	3	6	1	-0.06803143
3	3	6	2	-0.12437338
3	3	6	4	-0.01952754
3	3	6	5	-0.09725492
3	6	6	1	0.0016505
3	6	6	2	-0.068480266
3	6	6	4	0.03659301
3	6	6	5	-0.070417432
3	7	6	1	-0.10113592
3	7	6	2	-0.02669438
3	7	6	4	-0.10047083
3	7	6	5	-0.09869825
3	8	6	1	0.03246818
3	8	6	2	0.05434049
3	8	6	4	-0.07187833
3	8	6	5	-0.01366767
3	9	6	1	0.04143265
3	9	6	2	-0.04289546
3	9	6	4	-0.05697995
3	9	6	5	0.06902021
3	10	6	1	0.03292617
3	10	6	2	0.07810442
3	10	6	4	0.06236001
3	10	6	5	-0.07205446
3	11	6	1	0.00813365
3	11	6	2	-0.06702952
3	11	6	4	0.06321677
3	11	6	5	-0.02852154
3	12	6	1	-0.0952535
3	12	6	2	0.02055079
3	12	6	4	0.02225581
3	12	6	5	0.08492913
3	1	7	1	0.03060176
3	1	7	2	0.03843637
3	1	7	3	-0.09879257
3	1	7	4	-0.11602851
3	1	7	5	-0.02758016
3	2	7	1	-0.03970713
3	2	7	2	0.06396452
3	2	7	3	-0.04510264
3	2	7	4	0.05356958
3	2	7	5	-0.12812236
3	3	7	1	0.01497738
3	3	7	2	-0.11510224
3	3	7	3	-0.04975966
3	3	7	4	0.07575459
3	3	7	5	-0.02873258
3	6	7	1	-0.058114
3	6	7	2	-0.044897574
3	6	7	3	0.02581775
3	6	7	4	0.05757425
3	6	7	5	-0.05942319
3	7	7	1	-0.08132949
3	7	7	2	0.05260113
3	7	7	3	-0.10042372
3	7	7	4	-0.12267009
3	7	7	5	-0.06794212
3	8	7	1	-0.0189036
3	8	7	2	-0.09406918
3	8	7	3	0.04003703
3	8	7	4	0.0191834
3	8	7	5	0.03959946
3	9	7	1	0.01473812
3	9	7	2	-0.09758491
3	9	7	3	-0.12306437
3	9	7	4	0.05508771
3	9	7	5	0.02634427
3	10	7	1	-0.08042288
3	10	7	2	-0.04769581
3	10	7	3	-0.10098984
3	10	7	4	-0.09910597
3	10	7	5	0.01210876
3	11	7	1	-0.07031034
3	11	7	2	-0.03249922
3	11	7	3	-0.08563104
3	11	7	4	-0.03682535
3	11	7	5	-0.0847675
3	12	7	1	-0.06779516
3	12	7	2	0.08440937
3	12	7	3	-0.06339491
3	12	7	4	-0.08596119
3	12	7	5	-0.08531119
3	1	8	1	0.045065802
3	1	8	2	0.02934795
3	1	8	3	-0.10482074
3	1	8	4	0.04967606
3	1	8	5	-0.03080102
3	2	8	1	-0.00576827
3	2	8	2	-0.05435883
3	2	8	3	-0.02507961
3	2	8	4	0.05954147
3	2	8	5	-0.04018926
3	3	8	1	0.02254334
3	3	8	2	-0.11276405
3	3	8	3	-0.05489973
3	3	8	4	-0.11872008
3	3	8	5	-0.01880613
3	6	8	1	-0.03625611
3	6	8	2	-0.01108253
3	6	8	3	-0.11288355
3	6	8	4	0.00301829
3	6	8	5	-0.10128373
3	7	8	1	-0.07831164
3	7	8	2	0.04035919
3	7	8	3	0.00101834
3	7	8	4	-0.04052499
3	7	8	5	-0.00823294
3	8	8	1	0.02470977
3	8	8	2	0.0653059
3	8	8	3	-0.09977581
3	8	8	4	0.02113928
3	8	8	5	-0.00137869
3	9	8	1	0.07508872
3	9	8	2	-0.01453533
3	9	8	3	-0.02163015
3	9	8	4	-0.0495388
3	9	8	5	-0.01028172
3	10	8	1	-0.03523501
3	10	8	2	0.0773223
3	10	8	3	-0.05191479
3	10	8	4	0.03175361
3	10	8	5	-0.00176598
3	11	8	1	0.02418331
3	11	8	2	-0.02736469
3	11	8	3	-0.0044976
3	11	8	4	-0.08965613
3	11	8	5	-0.00573267
3	12	8	1	-0.04894525
3	12	8	2	-0.01391007
3	12	8	3	0.04364467
3	12	8	4	-0.05153716
3	12	8	5	-0.06114125
3	1	9	1	-0.02422006
3	1	9	2	-0.11608014
3	1	9	3	-0.075904407
3	1	9	4	-0.01023703
3	1	9	5	-0.09552785
3	2	9	1	-0.102652
3	2	9	2	0.06832356
3	2	9	3	0.00238013
3	2	9	4	-0.05884947
3	2	9	5	-0.10820758
3	3	9	1	0.06705206
3	3	9	2	-0.01943146
3	3	9	3	0.03505875
3	3	9	4	0.00137638
3	3	9	5	-0.00624993
3	6	9	1	-0.08835175
3	6	9	2	-0.11878748
3	6	9	3	0.02970898
3	6	9	4	-0.021455539
3	6	9	5	-0.009737541
3	7	9	1	0.06848321
3	7	9	2	-0.04954136
3	7	9	3	0.05362873
3	7	9	4	0.01813593
3	7	9	5	0.050311849
3	8	9	1	-0.07343504
3	8	9	2	0.01739562
3	8	9	3	0.0577142
3	8	9	4	-0.0079239
3	8	9	5	0.064299785
3	9	9	1	-0.02364364
3	9	9	2	-0.0234501
3	9	9	3	0.07479494
3	9	9	4	0.05217317
3	9	9	5	-0.11338004
3	10	9	1	-0.05736769
3	10	9	2	-0.03748778
3	10	9	3	0.08535195
3	10	9	4	0.0190169
3	10	9	5	0.04308281
3	11	9	1	0.07853062
3	11	9	2	0.00641014
3	11	9	3	0.08032825
3	11	9	4	-0.04010631
3	11	9	5	-0.10640595
3	12	9	1	0.05132148
3	12	9	2	0.08565361
3	12	9	3	-0.07199708
3	12	9	4	-0.03297896
3	12	9	5	-0.07361065
3	1	10	1	0.05360679
3	1	10	2	-0.10019791
3	1	10	3	-0.07856459
3	1	10	4	-0.06246424
3	1	10	6	0.02551737
3	2	10	1	-0.06926878
3	2	10	2	-0.06079971
3	2	10	3	-0.06631702
3	2	10	4	-0.12412029
3	2	10	6	-0.00545367
3	3	10	1	-0.12999647
3	3	10	2	-0.12071249
3	3	10	3	-0.000472849999999997
3	3	10	4	0.00476135
3	3	10	6	0.05564607
3	6	10	1	-0.0405629
3	6	10	2	0.05150391
3	6	10	3	-0.06004723
3	6	10	4	-0.0863503
3	6	10	6	0.08496674
3	7	10	1	-0.09351041
3	7	10	2	-0.11169067
3	7	10	3	-0.12742525
3	7	10	4	-0.10714942
3	7	10	6	-0.08135216
3	8	10	1	0.06450836
3	8	10	2	0.00321374
3	8	10	3	-0.11753601
3	8	10	4	-0.01629116
3	8	10	6	0.05660472
3	9	10	1	-0.02719044
3	9	10	2	-0.12696612
3	9	10	3	-0.09412916
3	9	10	4	0.04396193
3	9	10	6	-0.10469321
3	10	10	1	-0.06823853
3	10	10	2	-0.08730343
3	10	10	3	-0.10639762
3	10	10	4	-0.02032613
3	10	10	6	-0.00420608
3	11	10	1	-0.10623757
3	11	10	2	-0.03194364
3	11	10	3	-0.08623389
3	11	10	4	0.04116003
3	11	10	6	-0.0807948
3	12	10	1	-0.08362277
3	12	10	2	-0.0269162
3	12	10	3	-0.01514024
3	12	10	4	0.04839419
3	12	10	6	0.000998760000000001
4	1	1	41	-0.03546597
4	1	1	42	-0.03598559
4	1	1	43	-0.13083958
4	2	1	41	0.04345942
4	2	1	42	-0.045313
4	2	1	43	-0.04303334
4	6	1	41	-0.14055291
4	6	1	42	0.01478834
4	6	1	43	0.06678231
4	7	1	41	-0.08830679
4	7	1	42	-0.04609881
4	7	1	43	0.04318218
4	11	1	41	0.00143552
4	25	1	41	-0.01463479
4	25	1	42	-0.09568058
4	25	1	43	0.02966471
4	27	1	41	-0.07766366
4	27	1	42	-0.08458893
4	27	1	43	-0.07630293
4	29	1	41	-0.04948584
4	29	1	42	-0.06584127
4	29	1	43	-0.000566159999999996
4	1	2	1	0.05951201
4	1	2	2	-0.06751098
4	1	2	3	-0.01032421
4	2	2	1	-0.13835082
4	2	2	2	-0.09198116
4	2	2	3	-0.08126791
4	6	2	1	0.03171512
4	6	2	2	-0.000994660000000001
4	6	2	3	-0.14149522
4	7	2	1	0.06216211
4	7	2	2	-0.02181429
4	7	2	3	0.000194769999999997
4	11	2	1	0.01763105
4	11	2	2	0.05745982
4	25	2	1	0.05795893
4	25	2	2	0.01579988
4	25	2	3	-0.06587105
4	27	2	1	0.03727925
4	27	2	2	0.01758966
4	27	2	3	-0.02008585
4	29	2	1	-0.11621156
4	29	2	2	0.00254141
4	29	2	3	-0.12051557
4	1	3	2	-0.05367573
4	1	3	6	0.06272213
4	1	3	7	-0.02429199
4	1	3	8	-0.04132997
4	2	3	2	0.02612279
4	2	3	6	0.0219039
4	2	3	7	0.026918
4	2	3	8	-0.00963913
4	6	3	2	0.00734374
4	6	3	6	-0.0772546
4	6	3	7	-0.03277945
4	6	3	8	-0.07621104
4	7	3	2	-0.07552185
4	7	3	6	-0.01331714
4	7	3	7	-0.15016185
4	7	3	8	0.03580975
4	11	3	2	-0.07649999
4	11	3	6	-0.09249435
4	25	3	2	-0.06539652
4	25	3	6	0.06478782
4	25	3	7	0.04044571
4	25	3	8	-0.04614933
4	27	3	2	-0.14215972
4	27	3	6	-0.0487606
4	27	3	7	0.04713745
4	27	3	8	-0.09517039
4	29	3	2	-0.10855184
4	29	3	6	0.01974824
4	29	3	7	0.0386103
4	29	3	8	-0.08796827
4	1	4	1	0.9139556
4	1	4	2	0.0928291
4	1	4	6	0.5568707
4	1	4	7	0.25772
4	1	4	8	-0.06138437
4	1	4	9	0.13795808
4	1	4	11	0.4504136
4	1	4	12	0.0907136
4	1	4	25	0.4420815
4	1	4	27	0.1046223
4	1	4	29	0.2513741
4	2	4	2	0.9929365
4	2	4	6	0.3172515
4	2	4	7	0.2729351
4	2	4	8	0.1658398
4	2	4	9	0.3040004
4	2	4	11	0.3280589
4	2	4	12	0.5160426
4	2	4	25	0.0583489
4	2	4	27	0.4792804
4	2	4	29	0.5074573
4	6	4	6	1.0378714
4	6	4	7	0.3230863
4	6	4	8	0.1884
4	6	4	9	0.11481
4	6	4	11	0.547518
4	6	4	12	0.1630916
4	6	4	25	0.3155554
4	6	4	27	0.4410591
4	6	4	29	0.3276463
4	7	4	7	0.9374514
4	7	4	8	0.0784656
4	7	4	9	0.0725158
4	7	4	11	0.2532094
4	7	4	12	0.3253103
4	7	4	25	0.4233194
4	7	4	27	0.3260128
4	7	4	29	0.3739654
4	8	4	8	1.0090246
4	8	4	12	0.4395253
4	9	4	8	0.4509185
4	9	4	9	0.9703327
4	9	4	12	0.4857836
4	11	4	8	0.2117072
4	11	4	9	0.2567985
4	11	4	11	0.9344263
4	11	4	12	0.3342168
4	12	4	12	0.860486
4	25	4	8	-0.03555276
4	25	4	9	0.05835954
4	25	4	11	0.2578546
4	25	4	12	0.1768629
4	25	4	25	0.8284991
4	25	4	27	0.20520689
4	25	4	29	0.1743703
4	27	4	8	0.1904254
4	27	4	9	0.1979137
4	27	4	11	0.5864104
4	27	4	12	0.3646915
4	27	4	27	0.7944857
4	29	4	8	0.2343268
4	29	4	9	0.2394423
4	29	4	11	0.3437189
4	29	4	12	0.3606778
4	29	4	27	0.3815499
4	29	4	29	0.8912563
4	1	5	1	-0.13915573
4	1	5	2	-0.14359755
4	1	5	6	-0.05619208
4	1	5	9	-0.03987608
4	1	5	10	0.05688392
4	1	5	11	-0.04970694
4	2	5	1	-0.06298126
4	2	5	2	0.03193734
4	2	5	6	-0.12234666
4	2	5	9	0.00788881
4	2	5	10	0.00863785
4	2	5	11	-0.01603858
4	6	5	1	-0.03691904
4	6	5	2	-0.10563441
4	6	5	6	0.00685159
4	6	5	9	-0.12260937
4	6	5	10	-0.03744802
4	6	5	11	-0.10336075
4	7	5	1	0.00850720000000001
4	7	5	2	-0.12432099
4	7	5	6	0.04009908
4	7	5	9	0.05606718
4	7	5	10	0.00115705
4	7	5	11	0.04579971
4	8	5	1	0.01343867
4	8	5	2	-0.13499839
4	8	5	6	-0.14183189
4	8	5	9	-0.08683778
4	8	5	10	-0.06204551
4	8	5	11	-0.11635605
4	9	5	1	0.00717838000000001
4	9	5	2	-0.03047534
4	9	5	6	-0.02373119
4	9	5	9	-0.06261881
4	9	5	10	-0.0428318
4	9	5	11	-0.1385629
4	11	5	1	0.04735812
4	11	5	2	0.03691875
4	11	5	6	-0.04361608
4	11	5	9	0.06422129
4	11	5	10	0.0420005
4	11	5	11	-0.03835349
4	12	5	1	-0.05561034
4	12	5	2	-0.07286617
4	12	5	6	-0.03275869
4	12	5	9	0.05041486
4	12	5	10	0.000900089999999999
4	12	5	11	-0.04979289
4	25	5	1	-0.06042885
4	25	5	2	-0.07896923
4	25	5	6	-0.10246759
4	25	5	9	-0.02397582
4	25	5	10	-0.01374754
4	25	5	11	0.03248725
4	27	5	1	-0.09355401
4	27	5	2	0.01946637
4	27	5	6	-0.04316423
4	27	5	9	-0.06416827
4	27	5	10	0.04203614
4	27	5	11	-0.12636055
4	29	5	1	-0.0517057
4	29	5	2	-0.11883688
4	29	5	6	-0.01328086
4	29	5	9	-0.07032396
4	29	5	10	0.05438564
4	29	5	11	-0.12963869
4	1	6	1	0.03079513
4	1	6	2	-0.07614858
4	1	6	4	0.02369243
4	1	6	5	-0.09353786
4	2	6	1	-0.0972857
4	2	6	2	-0.06426827
4	2	6	4	-0.05606954
4	2	6	5	-0.07241832
4	6	6	1	0.00808681000000001
4	6	6	2	-0.0173986
4	6	6	4	-0.1065765
4	6	6	5	-0.00624255000000001
4	7	6	1	-0.1408868
4	7	6	2	0.03892746
4	7	6	4	0.00114649
4	7	6	5	-0.0117919
4	8	6	1	-0.03873202
4	8	6	2	0.0638151
4	8	6	4	-0.01216938
4	8	6	5	-0.10956561
4	9	6	1	-0.07243443
4	9	6	2	-0.10585288
4	9	6	4	0.02760431
4	9	6	5	0.05156947
4	11	6	1	-0.000595689999999996
4	11	6	2	-0.00104742
4	11	6	4	0.04457457
4	11	6	5	0.04181187
4	12	6	1	-0.15660013
4	12	6	2	-0.1413164
4	12	6	4	0.01481585
4	12	6	5	-0.01282482
4	25	6	1	-0.00685224
4	25	6	2	-0.04021687
4	25	6	4	-0.04539576
4	25	6	5	0.08288182
4	27	6	1	-0.12715029
4	27	6	2	-0.08989271
4	27	6	4	-0.02382037
4	27	6	5	-0.1224885
4	29	6	1	0.013674
4	29	6	2	-0.0897461
4	29	6	4	0.03113001
4	29	6	5	0.00514879000000001
4	1	7	1	-0.13498457
4	1	7	2	-0.12629227
4	1	7	3	-0.08942236
4	1	7	4	0.06623737
4	1	7	5	0.03934365
4	2	7	1	0.03234393
4	2	7	2	0.03723147
4	2	7	3	-0.11639937
4	2	7	4	-0.12702821
4	2	7	5	-0.14063777
4	6	7	1	-0.0422941
4	6	7	2	-0.11070553
4	6	7	3	-0.04572572
4	6	7	4	-0.02203643
4	6	7	5	-0.13645569
4	7	7	1	-0.12958231
4	7	7	2	-0.13036141
4	7	7	3	0.03301541
4	7	7	4	0.03873447
4	7	7	5	-0.01831843
4	8	7	1	0.03089319
4	8	7	2	-0.12371331
4	8	7	3	-0.07491717
4	8	7	4	0.02548193
4	8	7	5	0.05395887
4	9	7	1	0.03405518
4	9	7	2	0.02265971
4	9	7	3	0.04973066
4	9	7	4	-0.12531688
4	9	7	5	-0.11695065
4	11	7	1	0.03725238
4	11	7	2	0.0441807
4	11	7	3	0.00866455000000001
4	11	7	4	-0.00839317000000001
4	11	7	5	0.03174267
4	12	7	1	-0.10635118
4	12	7	2	-0.12557649
4	12	7	3	-0.11780311
4	12	7	4	-0.05255049
4	12	7	5	-0.00692549
4	25	7	1	-0.12789951
4	25	7	2	-0.08101619
4	25	7	3	0.01126576
4	25	7	4	0.00712749
4	25	7	5	-0.09564084
4	27	7	1	-0.03129591
4	27	7	2	-0.09317185
4	27	7	3	-0.05222232
4	27	7	4	2.25600000000048e-05
4	27	7	5	-0.0460908
4	29	7	1	-0.09720664
4	29	7	2	-0.09992226
4	29	7	3	0.02510425
4	29	7	4	-0.10067622
4	29	7	5	-0.014901
4	1	8	1	-0.04537188
4	1	8	2	-0.02392938
4	1	8	3	-0.08709284
4	1	8	4	0.03554493
4	1	8	5	-0.07076582
4	2	8	1	-0.09429338
4	2	8	2	-0.09024344
4	2	8	3	-0.05259888
4	2	8	4	-0.11074017
4	2	8	5	-0.00590712
4	6	8	1	0.05515859
4	6	8	2	-0.08857895
4	6	8	3	-0.09392039
4	6	8	4	-0.07655094
4	6	8	5	-0.11897499
4	7	8	1	-0.10468314
4	7	8	2	-0.09007746
4	7	8	3	-0.07591994
4	7	8	4	0.02476004
4	7	8	5	-0.11829399
4	8	8	1	-0.01464151
4	8	8	2	0.00869047
4	8	8	3	0.04111841
4	8	8	4	-0.06716194
4	8	8	5	-0.14911522
4	9	8	1	0.000237769999999998
4	9	8	2	-0.0290235
4	9	8	3	-0.11291568
4	9	8	4	0.00973648000000001
4	9	8	5	0.0193302
4	11	8	1	-0.01107439
4	11	8	2	-0.02308319
4	11	8	3	-0.08393103
4	11	8	4	0.00669339000000001
4	11	8	5	-0.06239727
4	12	8	1	-0.0279259
4	12	8	2	-0.03771072
4	12	8	3	-0.02260255
4	12	8	4	0.0448469
4	12	8	5	-0.02484343
4	25	8	1	-0.04383802
4	25	8	2	-0.0013984
4	25	8	3	-0.0831689
4	25	8	4	0.03770807
4	25	8	5	-0.05556568
4	27	8	1	-0.13902255
4	27	8	2	-0.01208779
4	27	8	3	-0.08899362
4	27	8	4	-0.00429785
4	27	8	5	-0.07986286
4	29	8	1	-0.07503617
4	29	8	2	-0.0996751
4	29	8	3	-0.08796325
4	29	8	4	-0.02473576
4	29	8	5	-0.13646642
4	1	9	1	-0.06444644
4	1	9	2	-0.12402177
4	1	9	3	-0.01307255
4	1	9	4	-0.00690246
4	1	9	5	-0.01639298
4	2	9	1	0.06212208
4	2	9	2	0.05405582
4	2	9	3	0.01569046
4	2	9	4	-0.01470283
4	2	9	5	0.06350653
4	6	9	1	-0.09645293
4	6	9	2	-0.06262076
4	6	9	3	-0.0412808
4	6	9	4	-0.04329643
4	6	9	5	0.02711723
4	7	9	1	-0.09927473
4	7	9	2	0.01483124
4	7	9	3	-0.03306619
4	7	9	4	0.04853619
4	7	9	5	0.01054914
4	8	9	1	0.01913839
4	8	9	2	0.06609283
4	8	9	3	-0.06787658
4	8	9	4	-0.08322497
4	8	9	5	-0.00727576
4	9	9	1	-0.05759022
4	9	9	2	-0.05849685
4	9	9	3	-0.04284505
4	9	9	4	0.01687245
4	9	9	5	0.04475638
4	11	9	1	-0.09384278
4	11	9	2	-0.00332664
4	11	9	3	-0.02606925
4	11	9	4	-0.1447411
4	11	9	5	-0.03227287
4	12	9	1	-0.14540529
4	12	9	2	-0.08897347
4	12	9	3	0.00493139
4	12	9	4	-0.12983916
4	12	9	5	0.02372407
4	25	9	1	0.01711009
4	25	9	2	0.05271271
4	25	9	3	-0.1190889
4	25	9	4	0.04780823
4	25	9	5	-0.11755057
4	27	9	1	-0.01100009
4	27	9	2	-0.00876445
4	27	9	3	-0.13211796
4	27	9	4	-0.09550504
4	27	9	5	-0.07978898
4	29	9	1	-0.05428225
4	29	9	2	0.01669162
4	29	9	3	-0.12215587
4	29	9	4	0.00554146
4	29	9	5	-0.10339125
4	1	10	1	-0.06307315
4	1	10	2	0.04411195
4	1	10	3	-0.10598769
4	1	10	4	-0.1575648
4	1	10	6	-0.05300235
4	2	10	1	-0.08688115
4	2	10	2	-0.02068621
4	2	10	3	-0.11975854
4	2	10	4	-0.03517891
4	2	10	6	0.02474898
4	6	10	1	0.00130987
4	6	10	2	-0.16605196
4	6	10	3	0.00224387000000001
4	6	10	4	-0.1433156
4	6	10	6	-0.11533357
4	7	10	1	-0.13513037
4	7	10	2	-0.13021367
4	7	10	3	-0.03739546
4	7	10	4	-0.04496151
4	7	10	6	0.0363991
4	8	10	1	0.03530769
4	8	10	2	-0.01557774
4	8	10	3	0.00198881
4	8	10	4	-0.05531169
4	8	10	6	0.06894275
4	9	10	1	-0.12289115
4	9	10	2	-0.06730906
4	9	10	3	0.01564303
4	9	10	4	0.02983764
4	9	10	6	-0.0279237
4	11	10	1	-0.07038873
4	11	10	2	-0.10562367
4	11	10	3	0.01124855
4	11	10	4	-0.02948375
4	11	10	6	0.00588865
4	12	10	1	0.03537243
4	12	10	2	0.04295089
4	12	10	3	-0.14116351
4	12	10	4	-0.12886116
4	12	10	6	-0.13954891
4	25	10	1	0.03096622
4	25	10	2	0.05394274
4	25	10	3	-0.11682077
4	25	10	4	-0.07476704
4	25	10	6	0.01590131
4	27	10	1	-0.11552235
4	27	10	2	-0.15106036
4	27	10	3	-0.10648357
4	27	10	4	-0.0351824
4	27	10	6	-0.10134158
4	29	10	1	-0.05490457
4	29	10	2	-0.12098736
4	29	10	3	-0.06363481
4	29	10	4	-0.10941887
4	29	10	6	-0.04844375
5	1	5	1	1.130391
5	2	5	1	0.4172716
5	2	5	2	0.986539
5	6	5	1	0.2502139
5	6	5	2	0.5524545
5	6	5	6	0.9989313
5	9	5	1	0.050276405
5	9	5	2	-0.10097572
5	9	5	6	-0.114307917
5	9	5	9	1.143753
5	10	5	1	0.311258
5	10	5	2	0.4490223
5	10	5	6	0.5513655
5	10	5	9	0.080109208
5	10	5	10	1.04822
5	11	5	1	0.2948092
5	11	5	2	0.546183
5	11	5	6	0.5583244
5	11	5	9	-0.00130815
5	11	5	10	0.4801647
5	11	5	11	0.995351
5	1	6	1	0.009452896
5	1	6	2	-0.081129303
5	2	6	1	-0.04678126
5	2	6	2	-0.01940086
5	2	6	4	-0.05766178
5	6	6	1	0.04848148
5	6	6	2	-0.05615083
5	6	6	4	-0.00961397
5	6	6	5	-0.075654341
5	9	6	1	-0.0275544487
5	9	6	2	0.038871705
5	9	6	4	-0.090000925
5	9	6	5	-0.08212903
5	10	6	1	-0.0791574
5	10	6	2	-0.04087263
5	10	6	4	-0.0116645
5	10	6	5	0.06515742
5	11	6	1	-0.046917
5	11	6	2	-0.1168114
5	11	6	4	-0.08776236
5	11	6	5	-0.09186381
5	1	7	5	0.00649912
5	2	7	5	0.04942194
5	6	7	5	-0.1052268
5	9	7	1	0.09197302
5	9	7	5	0.027629115
5	10	7	1	-0.07112179
5	10	7	2	-0.0209197
5	10	7	5	-0.12763979
5	11	7	1	-0.05815256
5	11	7	2	-0.076353838
5	11	7	3	-0.06196061
5	11	7	5	0.03865971
5	1	8	2	-0.0528946
5	1	8	3	-0.04387458
5	2	8	2	-0.06477534
5	2	8	3	0.08088159
5	2	8	4	-0.10361147
5	6	8	2	0.02134002
5	6	8	3	-0.00429618
5	6	8	4	-0.07438407
5	6	8	5	-0.014014
5	9	8	2	-0.0563940516
5	9	8	3	-0.094728615
5	9	8	4	-0.007262365
5	9	8	5	-0.013191991
5	10	8	2	0.02846354
5	10	8	3	0.00741986
5	10	8	4	0.04949289
5	10	8	5	-0.02068823
5	11	8	2	-0.04005448
5	11	8	3	-0.11384927
5	11	8	4	0.06618663
5	11	8	5	-0.06306618
5	2	9	1	0.07372602
5	6	9	1	0.02775157
5	6	9	2	0.02487717
5	9	9	1	0.008707913
5	9	9	2	-0.06679508
5	9	9	3	-0.0053881253
5	10	9	1	0.0028279
5	10	9	2	0.0244006
5	10	9	3	-0.03336711
5	10	9	4	0.08889791
5	11	9	1	-0.09474632
5	11	9	2	-0.08701206
5	11	9	3	-0.10372428
5	11	9	4	-0.08745732
5	11	9	5	0.04421048
5	1	10	2	0.06496153
5	1	10	3	-0.09325346
5	1	10	4	-0.03871959
5	1	10	6	-0.0177091109
5	2	10	2	0.00872472
5	2	10	3	-0.04550386
5	2	10	4	0.02693367
5	2	10	6	-0.061393707
5	6	10	2	-0.04929501
5	6	10	3	-0.0451935
5	6	10	4	0.02019482
5	6	10	6	-0.017864096
5	9	10	2	0.01293207
5	9	10	3	0.088063353
5	9	10	4	0.031749373
5	9	10	6	0.05309058
5	10	10	2	0.0348149
5	10	10	3	0.06844039
5	10	10	4	-0.03390893
5	10	10	6	-0.05052219
5	11	10	2	-0.08890867
5	11	10	3	-0.01354698
5	11	10	4	-0.02600454
5	11	10	6	-0.083489402
6	4	5	1	0.065158282
6	5	5	1	-0.016977765
6	5	5	2	-0.04836533
6	1	6	1	1.05685
6	2	6	1	0.6684411
6	2	6	2	1.116183
6	4	6	1	0.5646313
6	4	6	2	0.4239457
6	4	6	4	1.060689
6	5	6	1	0.3417629
6	5	6	2	0.241523
6	5	6	4	0.0719308
6	5	6	5	1.03338
6	2	7	5	-0.0547637
6	4	7	5	-0.038818539
6	5	7	5	0.081510933
6	2	8	2	-0.09664956
6	4	8	2	0.06932947
6	4	8	3	-0.05797227
6	5	8	2	-0.05988747
6	5	8	3	-0.08440975
6	5	8	4	0.01902419
6	5	9	1	0.090881761
6	1	10	2	-0.08776278
6	1	10	3	-0.07051811
6	1	10	4	-0.12598425
6	1	10	6	-0.12109062
6	2	10	2	-0.00425511
6	2	10	3	-0.08864805
6	2	10	4	-0.12289656
6	2	10	6	0.01933883
6	4	10	2	0.06264572
6	4	10	3	0.00508871
6	4	10	4	0.03546045
6	4	10	6	-0.029991038
6	5	10	2	0.06516336
6	5	10	3	-0.07131971
6	5	10	4	-0.08988382
6	5	10	6	0.0170555909
7	1	5	1	-0.05868141
7	1	5	2	-0.11176285
7	1	5	6	-0.09929258
7	2	5	1	-0.020072239
7	2	5	2	-0.03814973
7	2	5	6	-0.09238147
7	2	5	9	0.01482389
7	3	5	1	-0.09517293
7	3	5	2	0.02336837
7	3	5	6	-0.05115111
7	3	5	9	0.00404728
7	3	5	10	-0.11147378
7	4	5	1	0.01905859
7	4	5	2	0.01306962
7	4	5	6	-0.11801265
7	4	5	9	-0.081527802
7	4	5	10	-0.10785393
7	4	5	11	-0.10327942
7	1	6	1	-0.06787635
7	1	6	2	0.03211012
7	1	6	4	0.02993949
7	1	6	5	0.039780744
7	2	6	1	0.041377571
7	2	6	2	-0.115904675
7	2	6	4	-0.098051483
7	2	6	5	-0.066504877
7	3	6	1	-0.09792946
7	3	6	2	0.05033545
7	3	6	4	-0.07706777
7	3	6	5	0.019536923
7	4	6	1	0.05105764
7	4	6	2	0.0934226
7	4	6	4	0.05348588
7	4	6	5	-0.098967526
7	5	6	1	-0.11189582
7	1	7	1	0.931134
7	1	7	5	0.4152299
7	2	7	1	0.2384678
7	2	7	2	0.9609593
7	2	7	5	0.1625011
7	3	7	1	0.5688645
7	3	7	2	0.2421317
7	3	7	3	0.965556
7	3	7	5	0.2698404
7	4	7	1	0.4129781
7	4	7	2	0.0622947
7	4	7	3	0.14612
7	4	7	4	1.0536118
7	4	7	5	0.4601661
7	5	7	5	0.942032
7	1	8	2	0.05013335
7	1	8	3	-0.08589577
7	1	8	4	0.00747931
7	1	8	5	-0.07400906
7	2	8	2	0.06908788
7	2	8	3	0.09366687
7	2	8	4	-0.04809764
7	2	8	5	0.01356405
7	3	8	2	-0.02010282
7	3	8	3	-0.06812386
7	3	8	4	-0.10765855
7	3	8	5	-0.00221923
7	4	8	2	0.00503185
7	4	8	3	0.05540856
7	4	8	4	0.04001351
7	4	8	5	0.01699873
7	1	9	1	0.01132367
7	1	9	2	-0.11146253
7	2	9	1	-0.072853792
7	2	9	2	0.02947047
7	2	9	3	-0.025088104
7	3	9	1	0.074031678
7	3	9	2	-0.08444716
7	3	9	3	-0.095787487
7	3	9	4	-0.09666731
7	4	9	1	0.014795779
7	4	9	2	0.03893455
7	4	9	3	-0.07363346
7	4	9	4	-0.038062511
7	4	9	5	0.07251154
7	1	10	2	0.00590301
7	1	10	3	-0.09051402
7	1	10	4	0.04467218
7	1	10	6	-0.08561218
7	2	10	2	0.05222483
7	2	10	3	-0.05752576
7	2	10	4	0.02820189
7	2	10	6	-0.006762453
7	3	10	2	-0.05542985
7	3	10	3	0.07359773
7	3	10	4	0.0458867
7	3	10	6	0.051121631
7	4	10	2	0.04401931
7	4	10	3	0.0744191
7	4	10	4	0.01620493
7	4	10	6	-0.001893494
7	5	10	2	0.02275077
7	5	10	3	0.05017625
7	5	10	4	-0.00670036
7	5	10	6	0.04799385
8	1	5	1	-0.006110426
8	1	5	2	-0.07096983
8	1	5	6	0.0264955
8	1	5	9	-0.061019368
8	1	5	10	-0.0302186
8	1	5	11	-0.11455707
8	4	5	1	-0.08138483
8	5	5	1	0.08802531
8	5	5	2	0.02043932
8	1	6	1	-0.029010677
8	1	6	2	-0.026610609
8	1	6	4	0.029035074
8	1	6	5	0.0262408888
8	2	6	1	0.03237418
8	3	6	1	-0.01415246
8	3	6	2	-0.06838063
8	4	6	1	-0.04342725
8	4	6	2	-0.01368662
8	4	6	4	-0.085832673
8	5	6	1	0.06041253
8	5	6	2	0.00101198
8	5	6	4	0.02564633
8	5	6	5	0.05717314
8	1	7	1	0.03516545
8	1	7	2	0.05974733
8	1	7	3	-0.11737406
8	1	7	4	-0.10218133
8	1	7	5	-0.08690478
8	2	7	5	0.04391603
8	3	7	5	-0.02195935
8	4	7	5	0.01424221
8	5	7	5	0.000876680000000001
8	1	8	1	0.8808706
8	1	8	2	0.3002419
8	1	8	3	0.2974551
8	1	8	4	0.3065432
8	1	8	5	0.1421344
8	2	8	2	0.8812467
8	3	8	2	0.3929799
8	3	8	3	0.9882118
8	4	8	2	0.3428658
8	4	8	3	0.2393557
8	4	8	4	1.079921
8	5	8	2	0.1556912
8	5	8	3	0.1940792
8	5	8	4	0.6356267
8	5	8	5	1.252163
8	1	9	1	-0.02676756
8	1	9	2	-0.09471875
8	1	9	3	0.029019534
8	1	9	4	-0.022942982
8	1	9	5	-0.084242302
8	5	9	1	0.03452249
8	1	10	2	0.08237237
8	1	10	3	0.07754731
8	1	10	4	0.07627037
8	1	10	6	-0.08547177
8	2	10	2	0.004249885
8	2	10	3	0.110625959
8	2	10	4	-0.012953794
8	2	10	6	-0.06560457
8	3	10	2	-0.04098988522
8	3	10	3	0.011582005
8	3	10	4	-0.0717494123
8	3	10	6	-0.03351551
8	4	10	2	-0.021813007
8	4	10	3	0.098239309
8	4	10	4	-0.005162502
8	4	10	6	-0.00540721
8	5	10	2	0.048819668
8	5	10	3	0.006993508
8	5	10	4	0.071438488
8	5	10	6	0.07078298
9	1	5	1	-0.062688563
9	2	5	1	0.00504231
9	2	5	2	0.03768127
9	3	5	1	-0.019734114
9	3	5	2	-0.00055997
9	3	5	6	0.01331998
9	4	5	1	0.03255978
9	4	5	2	0.03574304
9	4	5	6	-0.0415741
9	4	5	9	0.07460021
9	5	5	1	0.043599298
9	5	5	2	-0.02539716
9	5	5	6	-0.01500632
9	5	5	9	-0.029993247
9	5	5	10	0.02027517
9	1	6	1	0.03892347
9	1	6	2	-0.06014405
9	1	6	4	0.07692174
9	2	6	1	0.04960909
9	2	6	2	-0.0955282
9	2	6	4	-0.05469888
9	2	6	5	-0.004056774
9	3	6	1	-0.10786878
9	3	6	2	0.06847584
9	3	6	4	-0.025097357
9	3	6	5	-0.101356483
9	4	6	1	0.00624758
9	4	6	2	0.08190391
9	4	6	4	-0.107607136
9	4	6	5	-0.09980617
9	5	6	1	0.087315721
9	5	6	2	-0.093358079
9	5	6	4	0.029708893
9	5	6	5	0.03397789
9	1	7	5	0.041333648
9	2	7	5	-0.0030753
9	3	7	1	0.02890293
9	3	7	5	-0.09613003
9	4	7	1	0.00068913
9	4	7	2	0.0865739461
9	4	7	5	-0.053728212
9	5	7	1	-0.03859463
9	5	7	2	-0.091889052
9	5	7	3	-0.10331832
9	5	7	5	-0.03529181
9	1	8	2	0.04496195
9	1	8	3	-0.02956956
9	1	8	4	-0.12510825
9	2	8	2	-0.04863123
9	2	8	3	0.05953706
9	2	8	4	-0.09892983
9	2	8	5	0.0324632
9	3	8	2	-0.03421938
9	3	8	3	0.08027202
9	3	8	4	0.04338271
9	3	8	5	-0.04848249
9	4	8	2	-0.034638872
9	4	8	3	-0.042105016
9	4	8	4	-0.016094843
9	4	8	5	0.089337973
9	5	8	2	-0.12178903
9	5	8	3	-0.03208781
9	5	8	4	0.07682486
9	5	8	5	-0.08297761
9	1	9	1	1.032912
9	2	9	1	0.5606799
9	2	9	2	1.021002
9	3	9	1	0.3285412
9	3	9	2	0.2617983
9	3	9	3	1.025368
9	4	9	1	0.1720677
9	4	9	2	0.122611
9	4	9	3	0.1826412
9	4	9	4	1.137214
9	5	9	1	0.2905793
9	5	9	2	0.2538535
9	5	9	3	0.0777307
9	5	9	4	-0.05955748
9	5	9	5	1.117132
9	1	10	2	-0.02359752
9	1	10	3	0.00963917
9	1	10	4	-0.01902179
9	1	10	6	-0.068428623
9	2	10	2	0.022255
9	2	10	3	0.04313422
9	2	10	4	-0.08876752
9	2	10	6	0.001885894
9	3	10	2	0.014056514
9	3	10	3	-0.050692398
9	3	10	4	-0.09374144
9	3	10	6	0.02512632
9	4	10	2	0.081283733
9	4	10	3	0.034113619
9	4	10	4	0.028684142
9	4	10	6	0.02290096
9	5	10	2	-0.02314701
9	5	10	3	0.03543432
9	5	10	4	0.04877967
9	5	10	6	-0.018473314
10	1	5	1	-0.10610414
10	1	5	2	0.08104594
10	1	5	6	0.01575778
10	1	5	9	-0.045388548
10	1	5	10	-0.12366062
10	1	5	11	-0.04037362
10	1	6	1	-0.05030949
10	1	6	2	-0.07034234
10	1	6	4	0.00962132
10	1	6	5	0.05670542
10	1	7	1	0.01178631
10	1	7	2	-0.10917795
10	1	7	3	-0.00290277
10	1	7	4	-0.04761824
10	1	7	5	-0.09863178
10	1	8	1	0.05295252
10	1	8	2	0.06675598
10	1	8	3	0.06206583
10	1	8	4	0.08266431
10	1	8	5	0.05014681
10	1	9	1	0.02680501
10	1	9	2	-0.06808624
10	1	9	3	0.056289009
10	1	9	4	-0.08935223
10	1	9	5	0.00424533
10	1	10	1	1.21194
10	1	10	2	0.6208512
10	1	10	3	0.6368369
10	1	10	4	0.6384347
10	1	10	6	0.01623771
10	2	10	2	1.160346
10	3	10	2	0.212309
10	3	10	3	1.027493
10	4	10	2	0.6305387
10	4	10	3	0.2678137
10	4	10	4	1.239011
10	6	10	2	0.12196541
10	6	10	3	0.09080869
10	6	10	4	0.01993447
10	6	10	6	1.21691
